imgType,imageType.thisRepN,imageType.thisTrialN,imageType.thisN,imageType.thisIndex,text_instr.started,block_loop.started,key_resp_2.started,key_resp_2.keys,key_resp_2.rt,image_type.started,instr_resp.started,instr_resp.keys,instr_resp.rt,staircase.label,staircase.startVal,staircase.startValSd,staircase.pThreshold,staircase.method,staircase.maxVal,staircase.minVal,staircase.range,staircase.thisIndex,staircase.thisRepN,staircase.thisN,staircase.direction,staircase.stepSize,staircase.stepType,staircase.intensity,ISI.started,image1.started,image2.started,image3.started,key_resp.started,staircase.response,level,targetSide,CorrectAns,correct,image1.stopped,image2.stopped,image3.stopped,approxThreshold,std,mean,thanks_text.started,key_resp_4.started,key_resp_4.keys,key_resp_4.rt,participant,date,expName,psychopyVersion,frameRate,
,,,,,31.520384800009197,34.018747399997665,34.018747399997665,space,1.11373030001414,,,,,,,,,,,,,,,,,,,,,,,,,,,,,,,,,,,,,,,,5_lx_2,2023-04-19_20h08.51.376,quest,2022.2.5,59.81855835301294,
ufoliage,0,0,0,5,,,,,,35.2678176999907,35.2678176999907,space,1.5607537000032607,solo,0.8,0.8,0.82,quantile,1,0,1,0,1,0,start,4,lin,0.8,0.37784719999763183,37.73643029999221,37.73643029999221,37.73643029999221,37.73643029999221,1,0.8,1,right,1,,,,,,,,,,,5_lx_2,2023-04-19_20h08.51.376,quest,2022.2.5,59.81855835301294,
ufoliage,0,0,0,5,,,,,,,,,,,,,,,,,,,,,,,,,,,,,,,,,,,,,,,,,,,,,5_lx_2,2023-04-19_20h08.51.376,quest,2022.2.5,59.81855835301294,
ufoliage,0,0,0,5,,,,,,,,,,solo,0.8,0.8,0.82,quantile,1,0,1,0,2,1,start,4,lin,0.7711677739866264,0.03833209999720566,38.9602009000082,38.9602009000082,38.9602009000082,38.9602009000082,1,0.7711677739866264,-1,left,1,,,,,,,,,,,5_lx_2,2023-04-19_20h08.51.376,quest,2022.2.5,59.81855835301294,
ufoliage,0,0,0,5,,,,,,,,,,,,,,,,,,,,,,,,,,,,,,,,,,,,,,,,,,,,,5_lx_2,2023-04-19_20h08.51.376,quest,2022.2.5,59.81855835301294,
ufoliage,0,0,0,5,,,,,,,,,,solo,0.8,0.8,0.82,quantile,1,0,1,0,3,2,start,4,lin,0.6892364930809887,0.0365250000031665,40.36983050001436,40.36983050001436,40.36983050001436,40.36983050001436,1,0.6892364930809887,-1,left,1,,,,,,,,,,,5_lx_2,2023-04-19_20h08.51.376,quest,2022.2.5,59.81855835301294,
ufoliage,0,0,0,5,,,,,,,,,,,,,,,,,,,,,,,,,,,,,,,,,,,,,,,,,,,,,5_lx_2,2023-04-19_20h08.51.376,quest,2022.2.5,59.81855835301294,
ufoliage,0,0,0,5,,,,,,,,,,solo,0.8,0.8,0.82,quantile,1,0,1,0,4,3,start,4,lin,0.6252138722597939,0.035986100003356114,41.56016700001783,41.56016700001783,41.56016700001783,41.56016700001783,1,0.6252138722597939,1,right,1,,,,,,,,,,,5_lx_2,2023-04-19_20h08.51.376,quest,2022.2.5,59.81855835301294,
ufoliage,0,0,0,5,,,,,,,,,,,,,,,,,,,,,,,,,,,,,,,,,,,,,,,,,,,,,5_lx_2,2023-04-19_20h08.51.376,quest,2022.2.5,59.81855835301294,
ufoliage,0,0,0,5,,,,,,,,,,solo,0.8,0.8,0.82,quantile,1,0,1,0,5,4,start,4,lin,0.5740588781600403,0.0348371000145562,42.8865836999903,42.8865836999903,42.8865836999903,42.8865836999903,1,0.5740588781600403,1,right,1,,,,,,,,,,,5_lx_2,2023-04-19_20h08.51.376,quest,2022.2.5,59.81855835301294,
ufoliage,0,0,0,5,,,,,,,,,,,,,,,,,,,,,,,,,,,,,,,,,,,,,,,,,,,,,5_lx_2,2023-04-19_20h08.51.376,quest,2022.2.5,59.81855835301294,
ufoliage,0,0,0,5,,,,,,,,,,solo,0.8,0.8,0.82,quantile,1,0,1,0,6,5,start,4,lin,0.5312315311569114,0.04154750000452623,44.41975289999391,44.41975289999391,44.41975289999391,44.41975289999391,1,0.5312315311569114,-1,left,1,,,,,,,,,,,5_lx_2,2023-04-19_20h08.51.376,quest,2022.2.5,59.81855835301294,
ufoliage,0,0,0,5,,,,,,,,,,,,,,,,,,,,,,,,,,,,,,,,,,,,,,,,,,,,,5_lx_2,2023-04-19_20h08.51.376,quest,2022.2.5,59.81855835301294,
ufoliage,0,0,0,5,,,,,,,,,,solo,0.8,0.8,0.82,quantile,1,0,1,0,7,6,start,4,lin,0.49592477917827904,0.04144679999444634,46.486404800001765,46.486404800001765,46.486404800001765,46.486404800001765,1,0.49592477917827904,1,right,1,,,,,,,,,,,5_lx_2,2023-04-19_20h08.51.376,quest,2022.2.5,59.81855835301294,
ufoliage,0,0,0,5,,,,,,,,,,,,,,,,,,,,,,,,,,,,,,,,,,,,,,,,,,,,,5_lx_2,2023-04-19_20h08.51.376,quest,2022.2.5,59.81855835301294,
ufoliage,0,0,0,5,,,,,,,,,,solo,0.8,0.8,0.82,quantile,1,0,1,0,8,7,start,4,lin,0.46698116941993095,0.03578500001458451,49.61982560000615,49.61982560000615,49.61982560000615,49.61982560000615,1,0.46698116941993095,-1,left,1,,,,,,,,,,,5_lx_2,2023-04-19_20h08.51.376,quest,2022.2.5,59.81855835301294,
ufoliage,0,0,0,5,,,,,,,,,,,,,,,,,,,,,,,,,,,,,,,,,,,,,,,,,,,,,5_lx_2,2023-04-19_20h08.51.376,quest,2022.2.5,59.81855835301294,
ufoliage,0,0,0,5,,,,,,,,,,solo,0.8,0.8,0.82,quantile,1,0,1,0,9,8,start,4,lin,0.4430068457305388,0.03479150001658127,51.503127600008156,51.503127600008156,51.503127600008156,51.503127600008156,1,0.4430068457305388,-1,left,1,54.53481219999958,54.53481219999958,54.53481219999958,,,,,,,,5_lx_2,2023-04-19_20h08.51.376,quest,2022.2.5,59.81855835301294,
ufoliage,0,0,0,5,,,,,,,,,,,,,,,,,,,,,,,,,,,,,,,,,,,,,,,,,,,,,5_lx_2,2023-04-19_20h08.51.376,quest,2022.2.5,59.81855835301294,
ufoliage,0,0,0,5,,,,,,,,,,solo,0.8,0.8,0.82,quantile,1,0,1,0,10,9,start,4,lin,0.42295195219009735,0.03500410000560805,55.03652029999648,55.03652029999648,55.03652029999648,55.03652029999648,1,0.42295195219009735,1,right,1,,,,,,,,,,,5_lx_2,2023-04-19_20h08.51.376,quest,2022.2.5,59.81855835301294,
ufoliage,0,0,0,5,,,,,,,,,,,,,,,,,,,,,,,,,,,,,,,,,,,,,,,,,,,,,5_lx_2,2023-04-19_20h08.51.376,quest,2022.2.5,59.81855835301294,
ufoliage,0,0,0,5,,,,,,,,,,solo,0.8,0.8,0.82,quantile,1,0,1,0,11,10,start,4,lin,0.4063189003109283,0.0346469999931287,57.56981879999512,57.56981879999512,57.56981879999512,57.56981879999512,1,0.4063189003109283,1,right,1,60.56948140001623,60.56948140001623,60.56948140001623,,,,,,,,5_lx_2,2023-04-19_20h08.51.376,quest,2022.2.5,59.81855835301294,
ufoliage,0,0,0,5,,,,,,,,,,,,,,,,,,,,,,,,,,,,,,,,,,,,,,,,,,,,,5_lx_2,2023-04-19_20h08.51.376,quest,2022.2.5,59.81855835301294,
ufoliage,0,0,0,5,,,,,,,,,,solo,0.8,0.8,0.82,quantile,1,0,1,0,12,11,start,4,lin,0.39260237199069375,0.036077700002351776,61.28686700001708,61.28686700001708,61.28686700001708,61.28686700001708,1,0.39260237199069375,1,right,1,64.28824310001801,64.28824310001801,64.28824310001801,,,,,,,,5_lx_2,2023-04-19_20h08.51.376,quest,2022.2.5,59.81855835301294,
ufoliage,0,0,0,5,,,,,,,,,,,,,,,,,,,,,,,,,,,,,,,,,,,,,,,,,,,,,5_lx_2,2023-04-19_20h08.51.376,quest,2022.2.5,59.81855835301294,
ufoliage,0,0,0,5,,,,,,,,,,solo,0.8,0.8,0.82,quantile,1,0,1,0,13,12,start,4,lin,0.38103863282156525,0.040909399976953864,64.90325249999296,64.90325249999296,64.90325249999296,64.90325249999296,1,0.38103863282156525,-1,left,1,,,,,,,,,,,5_lx_2,2023-04-19_20h08.51.376,quest,2022.2.5,59.81855835301294,
ufoliage,0,0,0,5,,,,,,,,,,,,,,,,,,,,,,,,,,,,,,,,,,,,,,,,,,,,,5_lx_2,2023-04-19_20h08.51.376,quest,2022.2.5,59.81855835301294,
ufoliage,0,0,0,5,,,,,,,,,,solo,0.8,0.8,0.82,quantile,1,0,1,0,14,13,start,4,lin,0.37139804414009503,0.03532989998348057,68.3264751000097,68.3264751000097,68.3264751000097,68.3264751000097,1,0.37139804414009503,-1,left,1,,,,,,,,,,,5_lx_2,2023-04-19_20h08.51.376,quest,2022.2.5,59.81855835301294,
ufoliage,0,0,0,5,,,,,,,,,,,,,,,,,,,,,,,,,,,,,,,,,,,,,,,,,,,,,5_lx_2,2023-04-19_20h08.51.376,quest,2022.2.5,59.81855835301294,
ufoliage,0,0,0,5,,,,,,,,,,solo,0.8,0.8,0.82,quantile,1,0,1,0,15,14,start,4,lin,0.36330902054639197,0.03491980000399053,71.04311040000175,71.04311040000175,71.04311040000175,71.04311040000175,1,0.36330902054639197,1,right,1,74.05280969999149,74.05280969999149,74.05280969999149,,,,,,,,5_lx_2,2023-04-19_20h08.51.376,quest,2022.2.5,59.81855835301294,
ufoliage,0,0,0,5,,,,,,,,,,,,,,,,,,,,,,,,,,,,,,,,,,,,,,,,,,,,,5_lx_2,2023-04-19_20h08.51.376,quest,2022.2.5,59.81855835301294,
ufoliage,0,0,0,5,,,,,,,,,,solo,0.8,0.8,0.82,quantile,1,0,1,0,16,15,start,4,lin,0.3563983726426918,0.035965199989732355,74.70343019999564,74.70343019999564,74.70343019999564,74.70343019999564,1,0.3563983726426918,-1,left,1,,,,,,,,,,,5_lx_2,2023-04-19_20h08.51.376,quest,2022.2.5,59.81855835301294,
ufoliage,0,0,0,5,,,,,,,,,,,,,,,,,,,,,,,,,,,,,,,,,,,,,,,,,,,,,5_lx_2,2023-04-19_20h08.51.376,quest,2022.2.5,59.81855835301294,
ufoliage,0,0,0,5,,,,,,,,,,solo,0.8,0.8,0.82,quantile,1,0,1,0,17,16,start,4,lin,0.35040609561670627,0.041097300010733306,76.55341729999054,76.55341729999054,76.55341729999054,76.55341729999054,1,0.35040609561670627,-1,left,1,,,,,,,,,,,5_lx_2,2023-04-19_20h08.51.376,quest,2022.2.5,59.81855835301294,
ufoliage,0,0,0,5,,,,,,,,,,,,,,,,,,,,,,,,,,,,,,,,,,,,,,,,,,,,,5_lx_2,2023-04-19_20h08.51.376,quest,2022.2.5,59.81855835301294,
ufoliage,0,0,0,5,,,,,,,,,,solo,0.8,0.8,0.82,quantile,1,0,1,0,18,17,start,4,lin,0.3454867065779402,0.03730989998439327,78.8534612999938,78.8534612999938,78.8534612999938,78.8534612999938,1,0.3454867065779402,1,right,1,81.85298299998976,81.85298299998976,81.85298299998976,,,,,,,,5_lx_2,2023-04-19_20h08.51.376,quest,2022.2.5,59.81855835301294,
ufoliage,0,0,0,5,,,,,,,,,,,,,,,,,,,,,,,,,,,,,,,,,,,,,,,,,,,,,5_lx_2,2023-04-19_20h08.51.376,quest,2022.2.5,59.81855835301294,
ufoliage,0,0,0,5,,,,,,,,,,solo,0.8,0.8,0.82,quantile,1,0,1,0,19,18,start,4,lin,0.34100743337053996,0.036163600016152486,82.58679110000958,82.58679110000958,82.58679110000958,82.58679110000958,0,0.34100743337053996,-1,left,0,,,,,,,,,,,5_lx_2,2023-04-19_20h08.51.376,quest,2022.2.5,59.81855835301294,
ufoliage,0,0,0,5,,,,,,,,,,,,,,,,,,,,,,,,,,,,,,,,,,,,,,,,,,,,,5_lx_2,2023-04-19_20h08.51.376,quest,2022.2.5,59.81855835301294,
ufoliage,0,0,0,5,,,,,,,,,,solo,0.8,0.8,0.82,quantile,1,0,1,0,20,19,start,4,lin,0.3594552827154719,0.035412700002780184,85.07515469999635,85.07515469999635,85.07515469999635,85.07515469999635,1,0.3594552827154719,1,right,1,,,,,,,,,,,5_lx_2,2023-04-19_20h08.51.376,quest,2022.2.5,59.81855835301294,
ufoliage,0,0,0,5,,,,,,,,,,,,,,,,,,,,,,,,,,,,,,,,,,,,,,,,,,,,,5_lx_2,2023-04-19_20h08.51.376,quest,2022.2.5,59.81855835301294,
ufoliage,0,0,0,5,,,,,,,,,,solo,0.8,0.8,0.82,quantile,1,0,1,0,21,20,start,4,lin,0.35407540468074983,0.03438920000917278,88.0035712000099,88.0035712000099,88.0035712000099,88.0035712000099,1,0.35407540468074983,-1,left,1,,,,,,,,,,,5_lx_2,2023-04-19_20h08.51.376,quest,2022.2.5,59.81855835301294,
ufoliage,0,0,0,5,,,,,,,,,,,,,,,,,,,,,,,,,,,,,,,,,,,,,,,,,,,,,5_lx_2,2023-04-19_20h08.51.376,quest,2022.2.5,59.81855835301294,
ufoliage,0,0,0,5,,,,,,,,,,solo,0.8,0.8,0.82,quantile,1,0,1,0,22,21,start,4,lin,0.3491189920706307,0.03448910001316108,91.45957460001227,91.45957460001227,91.45957460001227,91.45957460001227,1,0.3491189920706307,1,right,1,,,,,,,,,,,5_lx_2,2023-04-19_20h08.51.376,quest,2022.2.5,59.81855835301294,
ufoliage,0,0,0,5,,,,,,,,,,,,,,,,,,,,,,,,,,,,,,,,,,,,,,,,,,,,,5_lx_2,2023-04-19_20h08.51.376,quest,2022.2.5,59.81855835301294,
ufoliage,0,0,0,5,,,,,,,,,,solo,0.8,0.8,0.82,quantile,1,0,1,0,23,22,start,4,lin,0.3449641541097141,0.04144229998928495,94.58700329999556,94.58700329999556,94.58700329999556,94.58700329999556,1,0.3449641541097141,-1,left,1,,,,,,,,,,,5_lx_2,2023-04-19_20h08.51.376,quest,2022.2.5,59.81855835301294,
ufoliage,0,0,0,5,,,,,,,,,,,,,,,,,,,,,,,,,,,,,,,,,,,,,,,,,,,,,5_lx_2,2023-04-19_20h08.51.376,quest,2022.2.5,59.81855835301294,
ufoliage,0,0,0,5,,,,,,,,,,solo,0.8,0.8,0.82,quantile,1,0,1,0,24,23,start,4,lin,0.3410331120889487,0.0362609000003431,97.42028859999846,97.42028859999846,97.42028859999846,97.42028859999846,1,0.3410331120889487,-1,left,1,,,,,,,,,,,5_lx_2,2023-04-19_20h08.51.376,quest,2022.2.5,59.81855835301294,
ufoliage,0,0,0,5,,,,,,,,,,,,,,,,,,,,,,,,,,,,,,,,,,,,,,,,,,,,,5_lx_2,2023-04-19_20h08.51.376,quest,2022.2.5,59.81855835301294,
ufoliage,0,0,0,5,,,,,,,,,,solo,0.8,0.8,0.82,quantile,1,0,1,0,25,24,start,4,lin,0.3377121557794438,0.04187109999475069,100.55371680000098,100.55371680000098,100.55371680000098,100.55371680000098,1,0.3377121557794438,-1,left,1,,,,,,,,,,,5_lx_2,2023-04-19_20h08.51.376,quest,2022.2.5,59.81855835301294,
ufoliage,0,0,0,5,,,,,,,,,,,,,,,,,,,,,,,,,,,,,,,,,,,,,,,,,,,,,5_lx_2,2023-04-19_20h08.51.376,quest,2022.2.5,59.81855835301294,
ufoliage,0,0,0,5,,,,,,,,,,solo,0.8,0.8,0.82,quantile,1,0,1,0,26,25,start,4,lin,0.3347569033704015,0.041149199998471886,102.92039549999754,102.92039549999754,102.92039549999754,102.92039549999754,1,0.3347569033704015,1,right,1,,,,,,,,,,,5_lx_2,2023-04-19_20h08.51.376,quest,2022.2.5,59.81855835301294,
ufoliage,0,0,0,5,,,,,,,,,,,,,,,,,,,,,,,,,,,,,,,,,,,,,,,,,,,,,5_lx_2,2023-04-19_20h08.51.376,quest,2022.2.5,59.81855835301294,
ufoliage,0,0,0,5,,,,,,,,,,solo,0.8,0.8,0.82,quantile,1,0,1,0,27,26,start,4,lin,0.33193954470306847,0.03465320001123473,105.82628440001281,105.82628440001281,105.82628440001281,105.82628440001281,1,0.33193954470306847,1,right,1,108.83635230001528,108.83635230001528,108.83635230001528,,,,,,,,5_lx_2,2023-04-19_20h08.51.376,quest,2022.2.5,59.81855835301294,
ufoliage,0,0,0,5,,,,,,,,,,,,,,,,,,,,,,,,,,,,,,,,,,,,,,,,,,,,,5_lx_2,2023-04-19_20h08.51.376,quest,2022.2.5,59.81855835301294,
ufoliage,0,0,0,5,,,,,,,,,,solo,0.8,0.8,0.82,quantile,1,0,1,0,28,27,start,4,lin,0.32938743993338454,0.039611299987882376,109.99296890001278,109.99296890001278,109.99296890001278,109.99296890001278,1,0.32938743993338454,-1,left,1,,,,,,,,,,,5_lx_2,2023-04-19_20h08.51.376,quest,2022.2.5,59.81855835301294,
ufoliage,0,0,0,5,,,,,,,,,,,,,,,,,,,,,,,,,,,,,,,,,,,,,,,,,,,,,5_lx_2,2023-04-19_20h08.51.376,quest,2022.2.5,59.81855835301294,
ufoliage,0,0,0,5,,,,,,,,,,solo,0.8,0.8,0.82,quantile,1,0,1,0,29,28,start,4,lin,0.32731868597779507,0.03520179999759421,112.42634470001212,112.42634470001212,112.42634470001212,112.42634470001212,1,0.32731868597779507,1,right,1,,,,,,,,,,,5_lx_2,2023-04-19_20h08.51.376,quest,2022.2.5,59.81855835301294,
ufoliage,0,0,0,5,,,,,,,,,,,,,,,,,,,,,,,,,,,,,,,,,,,,,,,,,,,,,5_lx_2,2023-04-19_20h08.51.376,quest,2022.2.5,59.81855835301294,
ufoliage,0,0,0,5,,,,,,,,,,solo,0.8,0.8,0.82,quantile,1,0,1,0,30,29,start,4,lin,0.3253759960550874,0.04087739999522455,114.2872941000096,114.2872941000096,114.2872941000096,114.2872941000096,1,0.3253759960550874,1,right,1,,,,,,,,,,,5_lx_2,2023-04-19_20h08.51.376,quest,2022.2.5,59.81855835301294,
ufoliage,0,0,0,5,,,,,,,,,,,,,,,,,,,,,,,,,,,,,,,,,,,,,,,,,,,,,5_lx_2,2023-04-19_20h08.51.376,quest,2022.2.5,59.81855835301294,
ufoliage,0,0,0,5,,,,,,,,,,,,,,,,,,,,,,,,,,,,,,,,,,,,,,0.31670752698030474,0.031159267443237347,0.3300847852874726,,,,,5_lx_2,2023-04-19_20h08.51.376,quest,2022.2.5,59.81855835301294,
ufoliage,0,0,0,5,,,,,,,,,,,,,,,,,,,,,,,,,,,,,,,,,,,,,,,,,,,,,5_lx_2,2023-04-19_20h08.51.376,quest,2022.2.5,59.81855835301294,
uwinter,0,1,1,17,,,,,,116.06796960000065,116.06796960000065,space,1.4804677999927662,solo,0.8,0.8,0.82,quantile,1,0,1,0,1,0,start,4,lin,0.8,0.0518852999957744,118.12034520000452,118.12034520000452,118.12034520000452,118.12034520000452,1,0.8,1,right,1,,,,,,,,,,,5_lx_2,2023-04-19_20h08.51.376,quest,2022.2.5,59.81855835301294,
uwinter,0,1,1,17,,,,,,,,,,,,,,,,,,,,,,,,,,,,,,,,,,,,,,,,,,,,,5_lx_2,2023-04-19_20h08.51.376,quest,2022.2.5,59.81855835301294,
uwinter,0,1,1,17,,,,,,,,,,solo,0.8,0.8,0.82,quantile,1,0,1,0,2,1,start,4,lin,0.7711677739866264,0.05549520000931807,119.50369690000662,119.50369690000662,119.50369690000662,119.50369690000662,1,0.7711677739866264,1,right,1,,,,,,,,,,,5_lx_2,2023-04-19_20h08.51.376,quest,2022.2.5,59.81855835301294,
uwinter,0,1,1,17,,,,,,,,,,,,,,,,,,,,,,,,,,,,,,,,,,,,,,,,,,,,,5_lx_2,2023-04-19_20h08.51.376,quest,2022.2.5,59.81855835301294,
uwinter,0,1,1,17,,,,,,,,,,solo,0.8,0.8,0.82,quantile,1,0,1,0,3,2,start,4,lin,0.6892364930809887,0.037824800005182624,120.6539383000054,120.6539383000054,120.6539383000054,120.6539383000054,1,0.6892364930809887,1,right,1,,,,,,,,,,,5_lx_2,2023-04-19_20h08.51.376,quest,2022.2.5,59.81855835301294,
uwinter,0,1,1,17,,,,,,,,,,,,,,,,,,,,,,,,,,,,,,,,,,,,,,,,,,,,,5_lx_2,2023-04-19_20h08.51.376,quest,2022.2.5,59.81855835301294,
uwinter,0,1,1,17,,,,,,,,,,solo,0.8,0.8,0.82,quantile,1,0,1,0,4,3,start,4,lin,0.6252138722597939,0.044091799994930625,121.88718409999274,121.88718409999274,121.88718409999274,121.88718409999274,1,0.6252138722597939,-1,left,1,,,,,,,,,,,5_lx_2,2023-04-19_20h08.51.376,quest,2022.2.5,59.81855835301294,
uwinter,0,1,1,17,,,,,,,,,,,,,,,,,,,,,,,,,,,,,,,,,,,,,,,,,,,,,5_lx_2,2023-04-19_20h08.51.376,quest,2022.2.5,59.81855835301294,
uwinter,0,1,1,17,,,,,,,,,,solo,0.8,0.8,0.82,quantile,1,0,1,0,5,4,start,4,lin,0.5740588781600403,0.037519300007261336,123.68717550000292,123.68717550000292,123.68717550000292,123.68717550000292,1,0.5740588781600403,1,right,1,,,,,,,,,,,5_lx_2,2023-04-19_20h08.51.376,quest,2022.2.5,59.81855835301294,
uwinter,0,1,1,17,,,,,,,,,,,,,,,,,,,,,,,,,,,,,,,,,,,,,,,,,,,,,5_lx_2,2023-04-19_20h08.51.376,quest,2022.2.5,59.81855835301294,
uwinter,0,1,1,17,,,,,,,,,,solo,0.8,0.8,0.82,quantile,1,0,1,0,6,5,start,4,lin,0.5312315311569114,0.037809900008141994,125.4206308000139,125.4206308000139,125.4206308000139,125.4206308000139,1,0.5312315311569114,1,right,1,,,,,,,,,,,5_lx_2,2023-04-19_20h08.51.376,quest,2022.2.5,59.81855835301294,
uwinter,0,1,1,17,,,,,,,,,,,,,,,,,,,,,,,,,,,,,,,,,,,,,,,,,,,,,5_lx_2,2023-04-19_20h08.51.376,quest,2022.2.5,59.81855835301294,
uwinter,0,1,1,17,,,,,,,,,,solo,0.8,0.8,0.82,quantile,1,0,1,0,7,6,start,4,lin,0.49592477917827904,0.03754879999905825,127.29234980000183,127.29234980000183,127.29234980000183,127.29234980000183,1,0.49592477917827904,1,right,1,,,,,,,,,,,5_lx_2,2023-04-19_20h08.51.376,quest,2022.2.5,59.81855835301294,
uwinter,0,1,1,17,,,,,,,,,,,,,,,,,,,,,,,,,,,,,,,,,,,,,,,,,,,,,5_lx_2,2023-04-19_20h08.51.376,quest,2022.2.5,59.81855835301294,
uwinter,0,1,1,17,,,,,,,,,,solo,0.8,0.8,0.82,quantile,1,0,1,0,8,7,start,4,lin,0.46698116941993095,0.037993500009179115,129.17035269999178,129.17035269999178,129.17035269999178,129.17035269999178,1,0.46698116941993095,1,right,1,,,,,,,,,,,5_lx_2,2023-04-19_20h08.51.376,quest,2022.2.5,59.81855835301294,
uwinter,0,1,1,17,,,,,,,,,,,,,,,,,,,,,,,,,,,,,,,,,,,,,,,,,,,,,5_lx_2,2023-04-19_20h08.51.376,quest,2022.2.5,59.81855835301294,
uwinter,0,1,1,17,,,,,,,,,,solo,0.8,0.8,0.82,quantile,1,0,1,0,9,8,start,4,lin,0.4430068457305388,0.0441012000082992,130.83706600000733,130.83706600000733,130.83706600000733,130.83706600000733,1,0.4430068457305388,1,right,1,,,,,,,,,,,5_lx_2,2023-04-19_20h08.51.376,quest,2022.2.5,59.81855835301294,
uwinter,0,1,1,17,,,,,,,,,,,,,,,,,,,,,,,,,,,,,,,,,,,,,,,,,,,,,5_lx_2,2023-04-19_20h08.51.376,quest,2022.2.5,59.81855835301294,
uwinter,0,1,1,17,,,,,,,,,,solo,0.8,0.8,0.82,quantile,1,0,1,0,10,9,start,4,lin,0.42295195219009735,0.04454879998229444,132.85373850000906,132.85373850000906,132.85373850000906,132.85373850000906,1,0.42295195219009735,1,right,1,,,,,,,,,,,5_lx_2,2023-04-19_20h08.51.376,quest,2022.2.5,59.81855835301294,
uwinter,0,1,1,17,,,,,,,,,,,,,,,,,,,,,,,,,,,,,,,,,,,,,,,,,,,,,5_lx_2,2023-04-19_20h08.51.376,quest,2022.2.5,59.81855835301294,
uwinter,0,1,1,17,,,,,,,,,,solo,0.8,0.8,0.82,quantile,1,0,1,0,11,10,start,4,lin,0.4063189003109283,0.0440705000073649,135.58709360001376,135.58709360001376,135.58709360001376,135.58709360001376,1,0.4063189003109283,1,right,1,,,,,,,,,,,5_lx_2,2023-04-19_20h08.51.376,quest,2022.2.5,59.81855835301294,
uwinter,0,1,1,17,,,,,,,,,,,,,,,,,,,,,,,,,,,,,,,,,,,,,,,,,,,,,5_lx_2,2023-04-19_20h08.51.376,quest,2022.2.5,59.81855835301294,
uwinter,0,1,1,17,,,,,,,,,,solo,0.8,0.8,0.82,quantile,1,0,1,0,12,11,start,4,lin,0.39260237199069375,0.04382279998390004,137.67041439999593,137.67041439999593,137.67041439999593,137.67041439999593,1,0.39260237199069375,-1,left,1,,,,,,,,,,,5_lx_2,2023-04-19_20h08.51.376,quest,2022.2.5,59.81855835301294,
uwinter,0,1,1,17,,,,,,,,,,,,,,,,,,,,,,,,,,,,,,,,,,,,,,,,,,,,,5_lx_2,2023-04-19_20h08.51.376,quest,2022.2.5,59.81855835301294,
uwinter,0,1,1,17,,,,,,,,,,solo,0.8,0.8,0.82,quantile,1,0,1,0,13,12,start,4,lin,0.38103863282156525,0.03807849998702295,139.2704592999944,139.2704592999944,139.2704592999944,139.2704592999944,0,0.38103863282156525,-1,left,0,,,,,,,,,,,5_lx_2,2023-04-19_20h08.51.376,quest,2022.2.5,59.81855835301294,
uwinter,0,1,1,17,,,,,,,,,,,,,,,,,,,,,,,,,,,,,,,,,,,,,,,,,,,,,5_lx_2,2023-04-19_20h08.51.376,quest,2022.2.5,59.81855835301294,
uwinter,0,1,1,17,,,,,,,,,,solo,0.8,0.8,0.82,quantile,1,0,1,0,14,13,start,4,lin,0.4271761394679469,0.044936299993423745,140.93709980000858,140.93709980000858,140.93709980000858,140.93709980000858,1,0.4271761394679469,-1,left,1,,,,,,,,,,,5_lx_2,2023-04-19_20h08.51.376,quest,2022.2.5,59.81855835301294,
uwinter,0,1,1,17,,,,,,,,,,,,,,,,,,,,,,,,,,,,,,,,,,,,,,,,,,,,,5_lx_2,2023-04-19_20h08.51.376,quest,2022.2.5,59.81855835301294,
uwinter,0,1,1,17,,,,,,,,,,solo,0.8,0.8,0.82,quantile,1,0,1,0,15,14,start,4,lin,0.4142573475140681,0.038243999995756894,142.77053390000947,142.77053390000947,142.77053390000947,142.77053390000947,1,0.4142573475140681,1,right,1,,,,,,,,,,,5_lx_2,2023-04-19_20h08.51.376,quest,2022.2.5,59.81855835301294,
uwinter,0,1,1,17,,,,,,,,,,,,,,,,,,,,,,,,,,,,,,,,,,,,,,,,,,,,,5_lx_2,2023-04-19_20h08.51.376,quest,2022.2.5,59.81855835301294,
uwinter,0,1,1,17,,,,,,,,,,solo,0.8,0.8,0.82,quantile,1,0,1,0,16,15,start,4,lin,0.402931400025218,0.044216400012373924,144.37631130000227,144.37631130000227,144.37631130000227,144.37631130000227,1,0.402931400025218,-1,left,1,,,,,,,,,,,5_lx_2,2023-04-19_20h08.51.376,quest,2022.2.5,59.81855835301294,
uwinter,0,1,1,17,,,,,,,,,,,,,,,,,,,,,,,,,,,,,,,,,,,,,,,,,,,,,5_lx_2,2023-04-19_20h08.51.376,quest,2022.2.5,59.81855835301294,
uwinter,0,1,1,17,,,,,,,,,,solo,0.8,0.8,0.82,quantile,1,0,1,0,17,16,start,4,lin,0.3930711991753488,0.03784019997692667,145.87062490000972,145.87062490000972,145.87062490000972,145.87062490000972,1,0.3930711991753488,1,right,1,,,,,,,,,,,5_lx_2,2023-04-19_20h08.51.376,quest,2022.2.5,59.81855835301294,
uwinter,0,1,1,17,,,,,,,,,,,,,,,,,,,,,,,,,,,,,,,,,,,,,,,,,,,,,5_lx_2,2023-04-19_20h08.51.376,quest,2022.2.5,59.81855835301294,
uwinter,0,1,1,17,,,,,,,,,,solo,0.8,0.8,0.82,quantile,1,0,1,0,18,17,start,4,lin,0.38441876205967784,0.04359280000790022,147.58720820001327,147.58720820001327,147.58720820001327,147.58720820001327,1,0.38441876205967784,-1,left,1,,,,,,,,,,,5_lx_2,2023-04-19_20h08.51.376,quest,2022.2.5,59.81855835301294,
uwinter,0,1,1,17,,,,,,,,,,,,,,,,,,,,,,,,,,,,,,,,,,,,,,,,,,,,,5_lx_2,2023-04-19_20h08.51.376,quest,2022.2.5,59.81855835301294,
uwinter,0,1,1,17,,,,,,,,,,solo,0.8,0.8,0.82,quantile,1,0,1,0,19,18,start,4,lin,0.3767410343290987,0.03742649999912828,149.10970890001045,149.10970890001045,149.10970890001045,149.10970890001045,1,0.3767410343290987,-1,left,1,,,,,,,,,,,5_lx_2,2023-04-19_20h08.51.376,quest,2022.2.5,59.81855835301294,
uwinter,0,1,1,17,,,,,,,,,,,,,,,,,,,,,,,,,,,,,,,,,,,,,,,,,,,,,5_lx_2,2023-04-19_20h08.51.376,quest,2022.2.5,59.81855835301294,
uwinter,0,1,1,17,,,,,,,,,,solo,0.8,0.8,0.82,quantile,1,0,1,0,20,19,start,4,lin,0.3699172944728584,0.044043100002454594,150.78712630001246,150.78712630001246,150.78712630001246,150.78712630001246,1,0.3699172944728584,-1,left,1,,,,,,,,,,,5_lx_2,2023-04-19_20h08.51.376,quest,2022.2.5,59.81855835301294,
uwinter,0,1,1,17,,,,,,,,,,,,,,,,,,,,,,,,,,,,,,,,,,,,,,,,,,,,,5_lx_2,2023-04-19_20h08.51.376,quest,2022.2.5,59.81855835301294,
uwinter,0,1,1,17,,,,,,,,,,solo,0.8,0.8,0.82,quantile,1,0,1,0,21,20,start,4,lin,0.3640095172883938,0.03804800001671538,153.13720369999646,153.13720369999646,153.13720369999646,153.13720369999646,0,0.3640095172883938,1,right,0,,,,,,,,,,,5_lx_2,2023-04-19_20h08.51.376,quest,2022.2.5,59.81855835301294,
uwinter,0,1,1,17,,,,,,,,,,,,,,,,,,,,,,,,,,,,,,,,,,,,,,,,,,,,,5_lx_2,2023-04-19_20h08.51.376,quest,2022.2.5,59.81855835301294,
uwinter,0,1,1,17,,,,,,,,,,solo,0.8,0.8,0.82,quantile,1,0,1,0,22,21,start,4,lin,0.388470522903921,0.03773650000221096,155.07074940000894,155.07074940000894,155.07074940000894,155.07074940000894,1,0.388470522903921,1,right,1,,,,,,,,,,,5_lx_2,2023-04-19_20h08.51.376,quest,2022.2.5,59.81855835301294,
uwinter,0,1,1,17,,,,,,,,,,,,,,,,,,,,,,,,,,,,,,,,,,,,,,,,,,,,,5_lx_2,2023-04-19_20h08.51.376,quest,2022.2.5,59.81855835301294,
uwinter,0,1,1,17,,,,,,,,,,solo,0.8,0.8,0.82,quantile,1,0,1,0,23,22,start,4,lin,0.38175784193334983,0.038028899987693876,157.2539981000009,157.2539981000009,157.2539981000009,157.2539981000009,1,0.38175784193334983,-1,left,1,,,,,,,,,,,5_lx_2,2023-04-19_20h08.51.376,quest,2022.2.5,59.81855835301294,
uwinter,0,1,1,17,,,,,,,,,,,,,,,,,,,,,,,,,,,,,,,,,,,,,,,,,,,,,5_lx_2,2023-04-19_20h08.51.376,quest,2022.2.5,59.81855835301294,
uwinter,0,1,1,17,,,,,,,,,,solo,0.8,0.8,0.82,quantile,1,0,1,0,24,23,start,4,lin,0.3756787581201309,0.0385318000044208,158.9205012000166,158.9205012000166,158.9205012000166,158.9205012000166,1,0.3756787581201309,1,right,1,,,,,,,,,,,5_lx_2,2023-04-19_20h08.51.376,quest,2022.2.5,59.81855835301294,
uwinter,0,1,1,17,,,,,,,,,,,,,,,,,,,,,,,,,,,,,,,,,,,,,,,,,,,,,5_lx_2,2023-04-19_20h08.51.376,quest,2022.2.5,59.81855835301294,
uwinter,0,1,1,17,,,,,,,,,,solo,0.8,0.8,0.82,quantile,1,0,1,0,25,24,start,4,lin,0.370064427556187,0.039106199983507395,161.84307360000093,161.84307360000093,161.84307360000093,161.84307360000093,1,0.370064427556187,1,right,1,,,,,,,,,,,5_lx_2,2023-04-19_20h08.51.376,quest,2022.2.5,59.81855835301294,
uwinter,0,1,1,17,,,,,,,,,,,,,,,,,,,,,,,,,,,,,,,,,,,,,,,,,,,,,5_lx_2,2023-04-19_20h08.51.376,quest,2022.2.5,59.81855835301294,
uwinter,0,1,1,17,,,,,,,,,,solo,0.8,0.8,0.82,quantile,1,0,1,0,26,25,start,4,lin,0.36511590075321404,0.04026419998263009,163.88723029999528,163.88723029999528,163.88723029999528,163.88723029999528,1,0.36511590075321404,-1,left,1,,,,,,,,,,,5_lx_2,2023-04-19_20h08.51.376,quest,2022.2.5,59.81855835301294,
uwinter,0,1,1,17,,,,,,,,,,,,,,,,,,,,,,,,,,,,,,,,,,,,,,,,,,,,,5_lx_2,2023-04-19_20h08.51.376,quest,2022.2.5,59.81855835301294,
uwinter,0,1,1,17,,,,,,,,,,solo,0.8,0.8,0.82,quantile,1,0,1,0,27,26,start,4,lin,0.3604225052952982,0.03972479997901246,166.1537098000117,166.1537098000117,166.1537098000117,166.1537098000117,1,0.3604225052952982,1,right,1,,,,,,,,,,,5_lx_2,2023-04-19_20h08.51.376,quest,2022.2.5,59.81855835301294,
uwinter,0,1,1,17,,,,,,,,,,,,,,,,,,,,,,,,,,,,,,,,,,,,,,,,,,,,,5_lx_2,2023-04-19_20h08.51.376,quest,2022.2.5,59.81855835301294,
uwinter,0,1,1,17,,,,,,,,,,solo,0.8,0.8,0.82,quantile,1,0,1,0,28,27,start,4,lin,0.35627578328019843,0.037704699992900714,169.00390189999598,169.00390189999598,169.00390189999598,169.00390189999598,1,0.35627578328019843,-1,left,1,,,,,,,,,,,5_lx_2,2023-04-19_20h08.51.376,quest,2022.2.5,59.81855835301294,
uwinter,0,1,1,17,,,,,,,,,,,,,,,,,,,,,,,,,,,,,,,,,,,,,,,,,,,,,5_lx_2,2023-04-19_20h08.51.376,quest,2022.2.5,59.81855835301294,
uwinter,0,1,1,17,,,,,,,,,,solo,0.8,0.8,0.82,quantile,1,0,1,0,29,28,start,4,lin,0.35237943025399737,0.03772120000212453,171.37047709999024,171.37047709999024,171.37047709999024,171.37047709999024,1,0.35237943025399737,-1,left,1,,,,,,,,,,,5_lx_2,2023-04-19_20h08.51.376,quest,2022.2.5,59.81855835301294,
uwinter,0,1,1,17,,,,,,,,,,,,,,,,,,,,,,,,,,,,,,,,,,,,,,,,,,,,,5_lx_2,2023-04-19_20h08.51.376,quest,2022.2.5,59.81855835301294,
uwinter,0,1,1,17,,,,,,,,,,solo,0.8,0.8,0.82,quantile,1,0,1,0,30,29,start,4,lin,0.348736654871424,0.03741360001731664,174.35986490000505,174.35986490000505,174.35986490000505,174.35986490000505,1,0.348736654871424,1,right,1,,,,,,,,,,,5_lx_2,2023-04-19_20h08.51.376,quest,2022.2.5,59.81855835301294,
uwinter,0,1,1,17,,,,,,,,,,,,,,,,,,,,,,,,,,,,,,,,,,,,,,,,,,,,,5_lx_2,2023-04-19_20h08.51.376,quest,2022.2.5,59.81855835301294,
uwinter,0,1,1,17,,,,,,,,,,,,,,,,,,,,,,,,,,,,,,,,,,,,,,0.3359740868836725,0.040866696827904204,0.3491299548150428,,,,,5_lx_2,2023-04-19_20h08.51.376,quest,2022.2.5,59.81855835301294,
uwinter,0,1,1,17,,,,,,,,,,,,,,,,,,,,,,,,,,,,,,,,,,,,,,,,,,,,,5_lx_2,2023-04-19_20h08.51.376,quest,2022.2.5,59.81855835301294,
shadow,0,2,2,12,,,,,,175.85103540000273,175.85103540000273,space,1.617623199999798,solo,0.8,0.8,0.82,quantile,1,0,1,0,1,0,start,4,lin,0.8,0.057180500007234514,178.03725670001586,178.03725670001586,178.03725670001586,178.03725670001586,1,0.8,1,right,1,,,,,,,,,,,5_lx_2,2023-04-19_20h08.51.376,quest,2022.2.5,59.81855835301294,
shadow,0,2,2,12,,,,,,,,,,,,,,,,,,,,,,,,,,,,,,,,,,,,,,,,,,,,,5_lx_2,2023-04-19_20h08.51.376,quest,2022.2.5,59.81855835301294,
shadow,0,2,2,12,,,,,,,,,,solo,0.8,0.8,0.82,quantile,1,0,1,0,2,1,start,4,lin,0.7711677739866264,0.04460959997959435,179.55388660001336,179.55388660001336,179.55388660001336,179.55388660001336,1,0.7711677739866264,1,right,1,,,,,,,,,,,5_lx_2,2023-04-19_20h08.51.376,quest,2022.2.5,59.81855835301294,
shadow,0,2,2,12,,,,,,,,,,,,,,,,,,,,,,,,,,,,,,,,,,,,,,,,,,,,,5_lx_2,2023-04-19_20h08.51.376,quest,2022.2.5,59.81855835301294,
shadow,0,2,2,12,,,,,,,,,,solo,0.8,0.8,0.82,quantile,1,0,1,0,3,2,start,4,lin,0.6892364930809887,0.041294399998150766,180.85997980000684,180.85997980000684,180.85997980000684,180.85997980000684,1,0.6892364930809887,1,right,1,,,,,,,,,,,5_lx_2,2023-04-19_20h08.51.376,quest,2022.2.5,59.81855835301294,
shadow,0,2,2,12,,,,,,,,,,,,,,,,,,,,,,,,,,,,,,,,,,,,,,,,,,,,,5_lx_2,2023-04-19_20h08.51.376,quest,2022.2.5,59.81855835301294,
shadow,0,2,2,12,,,,,,,,,,solo,0.8,0.8,0.82,quantile,1,0,1,0,4,3,start,4,lin,0.6252138722597939,0.037335600005462766,181.98739359999308,181.98739359999308,181.98739359999308,181.98739359999308,1,0.6252138722597939,1,right,1,,,,,,,,,,,5_lx_2,2023-04-19_20h08.51.376,quest,2022.2.5,59.81855835301294,
shadow,0,2,2,12,,,,,,,,,,,,,,,,,,,,,,,,,,,,,,,,,,,,,,,,,,,,,5_lx_2,2023-04-19_20h08.51.376,quest,2022.2.5,59.81855835301294,
shadow,0,2,2,12,,,,,,,,,,solo,0.8,0.8,0.82,quantile,1,0,1,0,5,4,start,4,lin,0.5740588781600403,0.037434899975778535,183.2599790999957,183.2599790999957,183.2599790999957,183.2599790999957,1,0.5740588781600403,-1,left,1,,,,,,,,,,,5_lx_2,2023-04-19_20h08.51.376,quest,2022.2.5,59.81855835301294,
shadow,0,2,2,12,,,,,,,,,,,,,,,,,,,,,,,,,,,,,,,,,,,,,,,,,,,,,5_lx_2,2023-04-19_20h08.51.376,quest,2022.2.5,59.81855835301294,
shadow,0,2,2,12,,,,,,,,,,solo,0.8,0.8,0.82,quantile,1,0,1,0,6,5,start,4,lin,0.5312315311569114,0.04579240002203733,185.18722530000377,185.18722530000377,185.18722530000377,185.18722530000377,1,0.5312315311569114,-1,left,1,,,,,,,,,,,5_lx_2,2023-04-19_20h08.51.376,quest,2022.2.5,59.81855835301294,
shadow,0,2,2,12,,,,,,,,,,,,,,,,,,,,,,,,,,,,,,,,,,,,,,,,,,,,,5_lx_2,2023-04-19_20h08.51.376,quest,2022.2.5,59.81855835301294,
shadow,0,2,2,12,,,,,,,,,,solo,0.8,0.8,0.82,quantile,1,0,1,0,7,6,start,4,lin,0.49592477917827904,0.03775449999375269,187.23727569999755,187.23727569999755,187.23727569999755,187.23727569999755,1,0.49592477917827904,-1,left,1,,,,,,,,,,,5_lx_2,2023-04-19_20h08.51.376,quest,2022.2.5,59.81855835301294,
shadow,0,2,2,12,,,,,,,,,,,,,,,,,,,,,,,,,,,,,,,,,,,,,,,,,,,,,5_lx_2,2023-04-19_20h08.51.376,quest,2022.2.5,59.81855835301294,
shadow,0,2,2,12,,,,,,,,,,solo,0.8,0.8,0.82,quantile,1,0,1,0,8,7,start,4,lin,0.46698116941993095,0.037953399994876236,190.23726379999425,190.23726379999425,190.23726379999425,190.23726379999425,1,0.46698116941993095,1,right,1,,,,,,,,,,,5_lx_2,2023-04-19_20h08.51.376,quest,2022.2.5,59.81855835301294,
shadow,0,2,2,12,,,,,,,,,,,,,,,,,,,,,,,,,,,,,,,,,,,,,,,,,,,,,5_lx_2,2023-04-19_20h08.51.376,quest,2022.2.5,59.81855835301294,
shadow,0,2,2,12,,,,,,,,,,solo,0.8,0.8,0.82,quantile,1,0,1,0,9,8,start,4,lin,0.4430068457305388,0.03744450001977384,192.16009809999377,192.16009809999377,192.16009809999377,192.16009809999377,1,0.4430068457305388,-1,left,1,,,,,,,,,,,5_lx_2,2023-04-19_20h08.51.376,quest,2022.2.5,59.81855835301294,
shadow,0,2,2,12,,,,,,,,,,,,,,,,,,,,,,,,,,,,,,,,,,,,,,,,,,,,,5_lx_2,2023-04-19_20h08.51.376,quest,2022.2.5,59.81855835301294,
shadow,0,2,2,12,,,,,,,,,,solo,0.8,0.8,0.82,quantile,1,0,1,0,10,9,start,4,lin,0.42295195219009735,0.03804280000622384,194.03725650001434,194.03725650001434,194.03725650001434,194.03725650001434,1,0.42295195219009735,-1,left,1,,,,,,,,,,,5_lx_2,2023-04-19_20h08.51.376,quest,2022.2.5,59.81855835301294,
shadow,0,2,2,12,,,,,,,,,,,,,,,,,,,,,,,,,,,,,,,,,,,,,,,,,,,,,5_lx_2,2023-04-19_20h08.51.376,quest,2022.2.5,59.81855835301294,
shadow,0,2,2,12,,,,,,,,,,solo,0.8,0.8,0.82,quantile,1,0,1,0,11,10,start,4,lin,0.4063189003109283,0.03879700001562014,196.12079509999603,196.12079509999603,196.12079509999603,196.12079509999603,1,0.4063189003109283,1,right,1,,,,,,,,,,,5_lx_2,2023-04-19_20h08.51.376,quest,2022.2.5,59.81855835301294,
shadow,0,2,2,12,,,,,,,,,,,,,,,,,,,,,,,,,,,,,,,,,,,,,,,,,,,,,5_lx_2,2023-04-19_20h08.51.376,quest,2022.2.5,59.81855835301294,
shadow,0,2,2,12,,,,,,,,,,solo,0.8,0.8,0.82,quantile,1,0,1,0,12,11,start,4,lin,0.39260237199069375,0.03727519998210482,198.42644119999022,198.42644119999022,198.42644119999022,198.42644119999022,1,0.39260237199069375,-1,left,1,,,,,,,,,,,5_lx_2,2023-04-19_20h08.51.376,quest,2022.2.5,59.81855835301294,
shadow,0,2,2,12,,,,,,,,,,,,,,,,,,,,,,,,,,,,,,,,,,,,,,,,,,,,,5_lx_2,2023-04-19_20h08.51.376,quest,2022.2.5,59.81855835301294,
shadow,0,2,2,12,,,,,,,,,,solo,0.8,0.8,0.82,quantile,1,0,1,0,13,12,start,4,lin,0.38103863282156525,0.03717900000629015,200.45416500000283,200.45416500000283,200.45416500000283,200.45416500000283,1,0.38103863282156525,1,right,1,,,,,,,,,,,5_lx_2,2023-04-19_20h08.51.376,quest,2022.2.5,59.81855835301294,
shadow,0,2,2,12,,,,,,,,,,,,,,,,,,,,,,,,,,,,,,,,,,,,,,,,,,,,,5_lx_2,2023-04-19_20h08.51.376,quest,2022.2.5,59.81855835301294,
shadow,0,2,2,12,,,,,,,,,,solo,0.8,0.8,0.82,quantile,1,0,1,0,14,13,start,4,lin,0.37139804414009503,0.04036770001403056,202.10402940001222,202.10402940001222,202.10402940001222,202.10402940001222,1,0.37139804414009503,-1,left,1,,,,,,,,,,,5_lx_2,2023-04-19_20h08.51.376,quest,2022.2.5,59.81855835301294,
shadow,0,2,2,12,,,,,,,,,,,,,,,,,,,,,,,,,,,,,,,,,,,,,,,,,,,,,5_lx_2,2023-04-19_20h08.51.376,quest,2022.2.5,59.81855835301294,
shadow,0,2,2,12,,,,,,,,,,solo,0.8,0.8,0.82,quantile,1,0,1,0,15,14,start,4,lin,0.36330902054639197,0.0443680000025779,203.72072889999254,203.72072889999254,203.72072889999254,203.72072889999254,1,0.36330902054639197,-1,left,1,,,,,,,,,,,5_lx_2,2023-04-19_20h08.51.376,quest,2022.2.5,59.81855835301294,
shadow,0,2,2,12,,,,,,,,,,,,,,,,,,,,,,,,,,,,,,,,,,,,,,,,,,,,,5_lx_2,2023-04-19_20h08.51.376,quest,2022.2.5,59.81855835301294,
shadow,0,2,2,12,,,,,,,,,,solo,0.8,0.8,0.82,quantile,1,0,1,0,16,15,start,4,lin,0.3563983726426918,0.03727870000875555,205.70408809999935,205.70408809999935,205.70408809999935,205.70408809999935,1,0.3563983726426918,1,right,1,,,,,,,,,,,5_lx_2,2023-04-19_20h08.51.376,quest,2022.2.5,59.81855835301294,
shadow,0,2,2,12,,,,,,,,,,,,,,,,,,,,,,,,,,,,,,,,,,,,,,,,,,,,,5_lx_2,2023-04-19_20h08.51.376,quest,2022.2.5,59.81855835301294,
shadow,0,2,2,12,,,,,,,,,,solo,0.8,0.8,0.82,quantile,1,0,1,0,17,16,start,4,lin,0.35040609561670627,0.037594900000840425,209.09313349999138,209.09313349999138,209.09313349999138,209.09313349999138,1,0.35040609561670627,1,right,1,,,,,,,,,,,5_lx_2,2023-04-19_20h08.51.376,quest,2022.2.5,59.81855835301294,
shadow,0,2,2,12,,,,,,,,,,,,,,,,,,,,,,,,,,,,,,,,,,,,,,,,,,,,,5_lx_2,2023-04-19_20h08.51.376,quest,2022.2.5,59.81855835301294,
shadow,0,2,2,12,,,,,,,,,,solo,0.8,0.8,0.82,quantile,1,0,1,0,18,17,start,4,lin,0.3454867065779402,0.04188800000702031,211.12082360000932,211.12082360000932,211.12082360000932,211.12082360000932,1,0.3454867065779402,1,right,1,,,,,,,,,,,5_lx_2,2023-04-19_20h08.51.376,quest,2022.2.5,59.81855835301294,
shadow,0,2,2,12,,,,,,,,,,,,,,,,,,,,,,,,,,,,,,,,,,,,,,,,,,,,,5_lx_2,2023-04-19_20h08.51.376,quest,2022.2.5,59.81855835301294,
shadow,0,2,2,12,,,,,,,,,,solo,0.8,0.8,0.82,quantile,1,0,1,0,19,18,start,4,lin,0.34100743337053996,0.038012600009096786,213.82664010001463,213.82664010001463,213.82664010001463,213.82664010001463,1,0.34100743337053996,1,right,1,,,,,,,,,,,5_lx_2,2023-04-19_20h08.51.376,quest,2022.2.5,59.81855835301294,
shadow,0,2,2,12,,,,,,,,,,,,,,,,,,,,,,,,,,,,,,,,,,,,,,,,,,,,,5_lx_2,2023-04-19_20h08.51.376,quest,2022.2.5,59.81855835301294,
shadow,0,2,2,12,,,,,,,,,,solo,0.8,0.8,0.82,quantile,1,0,1,0,20,19,start,4,lin,0.33728436872665474,0.037317800015443936,216.25999890000094,216.25999890000094,216.25999890000094,216.25999890000094,1,0.33728436872665474,-1,left,1,219.271688000008,219.271688000008,219.271688000008,,,,,,,,5_lx_2,2023-04-19_20h08.51.376,quest,2022.2.5,59.81855835301294,
shadow,0,2,2,12,,,,,,,,,,,,,,,,,,,,,,,,,,,,,,,,,,,,,,,,,,,,,5_lx_2,2023-04-19_20h08.51.376,quest,2022.2.5,59.81855835301294,
shadow,0,2,2,12,,,,,,,,,,solo,0.8,0.8,0.82,quantile,1,0,1,0,21,20,start,4,lin,0.33399215061952864,0.041591000015614554,220.35419079998974,220.35419079998974,220.35419079998974,220.35419079998974,1,0.33399215061952864,1,right,1,,,,,,,,,,,5_lx_2,2023-04-19_20h08.51.376,quest,2022.2.5,59.81855835301294,
shadow,0,2,2,12,,,,,,,,,,,,,,,,,,,,,,,,,,,,,,,,,,,,,,,,,,,,,5_lx_2,2023-04-19_20h08.51.376,quest,2022.2.5,59.81855835301294,
shadow,0,2,2,12,,,,,,,,,,solo,0.8,0.8,0.82,quantile,1,0,1,0,22,21,start,4,lin,0.33088228794403707,0.037467500020284206,222.37094530000468,222.37094530000468,222.37094530000468,222.37094530000468,1,0.33088228794403707,1,right,1,,,,,,,,,,,5_lx_2,2023-04-19_20h08.51.376,quest,2022.2.5,59.81855835301294,
shadow,0,2,2,12,,,,,,,,,,,,,,,,,,,,,,,,,,,,,,,,,,,,,,,,,,,,,5_lx_2,2023-04-19_20h08.51.376,quest,2022.2.5,59.81855835301294,
shadow,0,2,2,12,,,,,,,,,,solo,0.8,0.8,0.82,quantile,1,0,1,0,23,22,start,4,lin,0.3283396940833741,0.042279699991922826,224.9433876000112,224.9433876000112,224.9433876000112,224.9433876000112,1,0.3283396940833741,1,right,1,,,,,,,,,,,5_lx_2,2023-04-19_20h08.51.376,quest,2022.2.5,59.81855835301294,
shadow,0,2,2,12,,,,,,,,,,,,,,,,,,,,,,,,,,,,,,,,,,,,,,,,,,,,,5_lx_2,2023-04-19_20h08.51.376,quest,2022.2.5,59.81855835301294,
shadow,0,2,2,12,,,,,,,,,,solo,0.8,0.8,0.82,quantile,1,0,1,0,24,23,start,4,lin,0.3261353727175478,0.03692169999703765,227.39323879999574,227.39323879999574,227.39323879999574,227.39323879999574,1,0.3261353727175478,-1,left,1,,,,,,,,,,,5_lx_2,2023-04-19_20h08.51.376,quest,2022.2.5,59.81855835301294,
shadow,0,2,2,12,,,,,,,,,,,,,,,,,,,,,,,,,,,,,,,,,,,,,,,,,,,,,5_lx_2,2023-04-19_20h08.51.376,quest,2022.2.5,59.81855835301294,
shadow,0,2,2,12,,,,,,,,,,solo,0.8,0.8,0.82,quantile,1,0,1,0,25,24,start,4,lin,0.3240737287546753,0.03732570001739077,230.05975449999096,230.05975449999096,230.05975449999096,230.05975449999096,1,0.3240737287546753,-1,left,1,,,,,,,,,,,5_lx_2,2023-04-19_20h08.51.376,quest,2022.2.5,59.81855835301294,
shadow,0,2,2,12,,,,,,,,,,,,,,,,,,,,,,,,,,,,,,,,,,,,,,,,,,,,,5_lx_2,2023-04-19_20h08.51.376,quest,2022.2.5,59.81855835301294,
shadow,0,2,2,12,,,,,,,,,,solo,0.8,0.8,0.82,quantile,1,0,1,0,26,25,start,4,lin,0.3221039939319435,0.03852119998191483,232.6933607000101,232.6933607000101,232.6933607000101,232.6933607000101,0,0.3221039939319435,1,right,0,,,,,,,,,,,5_lx_2,2023-04-19_20h08.51.376,quest,2022.2.5,59.81855835301294,
shadow,0,2,2,12,,,,,,,,,,,,,,,,,,,,,,,,,,,,,,,,,,,,,,,,,,,,,5_lx_2,2023-04-19_20h08.51.376,quest,2022.2.5,59.81855835301294,
shadow,0,2,2,12,,,,,,,,,,solo,0.8,0.8,0.82,quantile,1,0,1,0,27,26,start,4,lin,0.32988356102196215,0.03740050000487827,234.33770140001434,234.33770140001434,234.33770140001434,234.33770140001434,1,0.32988356102196215,1,right,1,,,,,,,,,,,5_lx_2,2023-04-19_20h08.51.376,quest,2022.2.5,59.81855835301294,
shadow,0,2,2,12,,,,,,,,,,,,,,,,,,,,,,,,,,,,,,,,,,,,,,,,,,,,,5_lx_2,2023-04-19_20h08.51.376,quest,2022.2.5,59.81855835301294,
shadow,0,2,2,12,,,,,,,,,,solo,0.8,0.8,0.82,quantile,1,0,1,0,28,27,start,4,lin,0.3277316032125847,0.03726549999555573,236.27103540001553,236.27103540001553,236.27103540001553,236.27103540001553,1,0.3277316032125847,1,right,1,,,,,,,,,,,5_lx_2,2023-04-19_20h08.51.376,quest,2022.2.5,59.81855835301294,
shadow,0,2,2,12,,,,,,,,,,,,,,,,,,,,,,,,,,,,,,,,,,,,,,,,,,,,,5_lx_2,2023-04-19_20h08.51.376,quest,2022.2.5,59.81855835301294,
shadow,0,2,2,12,,,,,,,,,,solo,0.8,0.8,0.82,quantile,1,0,1,0,29,28,start,4,lin,0.32571927037199766,0.04506160001619719,238.05442830000538,238.05442830000538,238.05442830000538,238.05442830000538,1,0.32571927037199766,-1,left,1,241.05956300001708,241.05956300001708,241.05956300001708,,,,,,,,5_lx_2,2023-04-19_20h08.51.376,quest,2022.2.5,59.81855835301294,
shadow,0,2,2,12,,,,,,,,,,,,,,,,,,,,,,,,,,,,,,,,,,,,,,,,,,,,,5_lx_2,2023-04-19_20h08.51.376,quest,2022.2.5,59.81855835301294,
shadow,0,2,2,12,,,,,,,,,,solo,0.8,0.8,0.82,quantile,1,0,1,0,30,29,start,4,lin,0.3238205407107359,0.037028999999165535,241.88783270001295,241.88783270001295,241.88783270001295,241.88783270001295,1,0.3238205407107359,-1,left,1,,,,,,,,,,,5_lx_2,2023-04-19_20h08.51.376,quest,2022.2.5,59.81855835301294,
shadow,0,2,2,12,,,,,,,,,,,,,,,,,,,,,,,,,,,,,,,,,,,,,,,,,,,,,5_lx_2,2023-04-19_20h08.51.376,quest,2022.2.5,59.81855835301294,
shadow,0,2,2,12,,,,,,,,,,,,,,,,,,,,,,,,,,,,,,,,,,,,,,0.3155105574294457,0.030474396102696467,0.3288295144894548,,,,,5_lx_2,2023-04-19_20h08.51.376,quest,2022.2.5,59.81855835301294,
shadow,0,2,2,12,,,,,,,,,,,,,,,,,,,,,,,,,,,,,,,,,,,,,,,,,,,,,5_lx_2,2023-04-19_20h08.51.376,quest,2022.2.5,59.81855835301294,
utexture,0,3,3,15,,,,,,244.00207330001285,244.00207330001285,space,1.7942137999925762,solo,0.8,0.8,0.82,quantile,1,0,1,0,1,0,start,4,lin,0.8,0.05374629999278113,246.37120429999777,246.37120429999777,246.37120429999777,246.37120429999777,1,0.8,1,right,1,,,,,,,,,,,5_lx_2,2023-04-19_20h08.51.376,quest,2022.2.5,59.81855835301294,
utexture,0,3,3,15,,,,,,,,,,,,,,,,,,,,,,,,,,,,,,,,,,,,,,,,,,,,,5_lx_2,2023-04-19_20h08.51.376,quest,2022.2.5,59.81855835301294,
utexture,0,3,3,15,,,,,,,,,,solo,0.8,0.8,0.82,quantile,1,0,1,0,2,1,start,4,lin,0.7711677739866264,0.04820210000616498,247.46012440000777,247.46012440000777,247.46012440000777,247.46012440000777,1,0.7711677739866264,1,right,1,,,,,,,,,,,5_lx_2,2023-04-19_20h08.51.376,quest,2022.2.5,59.81855835301294,
utexture,0,3,3,15,,,,,,,,,,,,,,,,,,,,,,,,,,,,,,,,,,,,,,,,,,,,,5_lx_2,2023-04-19_20h08.51.376,quest,2022.2.5,59.81855835301294,
utexture,0,3,3,15,,,,,,,,,,solo,0.8,0.8,0.82,quantile,1,0,1,0,3,2,start,4,lin,0.6892364930809887,0.047783999994862825,248.70446660000016,248.70446660000016,248.70446660000016,248.70446660000016,1,0.6892364930809887,1,right,1,,,,,,,,,,,5_lx_2,2023-04-19_20h08.51.376,quest,2022.2.5,59.81855835301294,
utexture,0,3,3,15,,,,,,,,,,,,,,,,,,,,,,,,,,,,,,,,,,,,,,,,,,,,,5_lx_2,2023-04-19_20h08.51.376,quest,2022.2.5,59.81855835301294,
utexture,0,3,3,15,,,,,,,,,,solo,0.8,0.8,0.82,quantile,1,0,1,0,4,3,start,4,lin,0.6252138722597939,0.04150700001628138,249.7933844999934,249.7933844999934,249.7933844999934,249.7933844999934,1,0.6252138722597939,-1,left,1,,,,,,,,,,,5_lx_2,2023-04-19_20h08.51.376,quest,2022.2.5,59.81855835301294,
utexture,0,3,3,15,,,,,,,,,,,,,,,,,,,,,,,,,,,,,,,,,,,,,,,,,,,,,5_lx_2,2023-04-19_20h08.51.376,quest,2022.2.5,59.81855835301294,
utexture,0,3,3,15,,,,,,,,,,solo,0.8,0.8,0.82,quantile,1,0,1,0,5,4,start,4,lin,0.5740588781600403,0.04852730000857264,251.08797540000523,251.08797540000523,251.08797540000523,251.08797540000523,1,0.5740588781600403,1,right,1,,,,,,,,,,,5_lx_2,2023-04-19_20h08.51.376,quest,2022.2.5,59.81855835301294,
utexture,0,3,3,15,,,,,,,,,,,,,,,,,,,,,,,,,,,,,,,,,,,,,,,,,,,,,5_lx_2,2023-04-19_20h08.51.376,quest,2022.2.5,59.81855835301294,
utexture,0,3,3,15,,,,,,,,,,solo,0.8,0.8,0.82,quantile,1,0,1,0,6,5,start,4,lin,0.5312315311569114,0.04185069998493418,252.1935635000118,252.1935635000118,252.1935635000118,252.1935635000118,1,0.5312315311569114,1,right,1,,,,,,,,,,,5_lx_2,2023-04-19_20h08.51.376,quest,2022.2.5,59.81855835301294,
utexture,0,3,3,15,,,,,,,,,,,,,,,,,,,,,,,,,,,,,,,,,,,,,,,,,,,,,5_lx_2,2023-04-19_20h08.51.376,quest,2022.2.5,59.81855835301294,
utexture,0,3,3,15,,,,,,,,,,solo,0.8,0.8,0.82,quantile,1,0,1,0,7,6,start,4,lin,0.49592477917827904,0.047924599988618866,253.32117529999232,253.32117529999232,253.32117529999232,253.32117529999232,1,0.49592477917827904,1,right,1,,,,,,,,,,,5_lx_2,2023-04-19_20h08.51.376,quest,2022.2.5,59.81855835301294,
utexture,0,3,3,15,,,,,,,,,,,,,,,,,,,,,,,,,,,,,,,,,,,,,,,,,,,,,5_lx_2,2023-04-19_20h08.51.376,quest,2022.2.5,59.81855835301294,
utexture,0,3,3,15,,,,,,,,,,solo,0.8,0.8,0.82,quantile,1,0,1,0,8,7,start,4,lin,0.46698116941993095,0.04174580000108108,255.19349040000816,255.19349040000816,255.19349040000816,255.19349040000816,1,0.46698116941993095,1,right,1,,,,,,,,,,,5_lx_2,2023-04-19_20h08.51.376,quest,2022.2.5,59.81855835301294,
utexture,0,3,3,15,,,,,,,,,,,,,,,,,,,,,,,,,,,,,,,,,,,,,,,,,,,,,5_lx_2,2023-04-19_20h08.51.376,quest,2022.2.5,59.81855835301294,
utexture,0,3,3,15,,,,,,,,,,solo,0.8,0.8,0.82,quantile,1,0,1,0,9,8,start,4,lin,0.4430068457305388,0.04181270001572557,257.360242499999,257.360242499999,257.360242499999,257.360242499999,1,0.4430068457305388,1,right,1,,,,,,,,,,,5_lx_2,2023-04-19_20h08.51.376,quest,2022.2.5,59.81855835301294,
utexture,0,3,3,15,,,,,,,,,,,,,,,,,,,,,,,,,,,,,,,,,,,,,,,,,,,,,5_lx_2,2023-04-19_20h08.51.376,quest,2022.2.5,59.81855835301294,
utexture,0,3,3,15,,,,,,,,,,solo,0.8,0.8,0.82,quantile,1,0,1,0,10,9,start,4,lin,0.42295195219009735,0.0415039999934379,259.5212979000062,259.5212979000062,259.5212979000062,259.5212979000062,1,0.42295195219009735,1,right,1,,,,,,,,,,,5_lx_2,2023-04-19_20h08.51.376,quest,2022.2.5,59.81855835301294,
utexture,0,3,3,15,,,,,,,,,,,,,,,,,,,,,,,,,,,,,,,,,,,,,,,,,,,,,5_lx_2,2023-04-19_20h08.51.376,quest,2022.2.5,59.81855835301294,
utexture,0,3,3,15,,,,,,,,,,solo,0.8,0.8,0.82,quantile,1,0,1,0,11,10,start,4,lin,0.4063189003109283,0.04203350000898354,261.1214769000071,261.1214769000071,261.1214769000071,261.1214769000071,1,0.4063189003109283,1,right,1,,,,,,,,,,,5_lx_2,2023-04-19_20h08.51.376,quest,2022.2.5,59.81855835301294,
utexture,0,3,3,15,,,,,,,,,,,,,,,,,,,,,,,,,,,,,,,,,,,,,,,,,,,,,5_lx_2,2023-04-19_20h08.51.376,quest,2022.2.5,59.81855835301294,
utexture,0,3,3,15,,,,,,,,,,solo,0.8,0.8,0.82,quantile,1,0,1,0,12,11,start,4,lin,0.39260237199069375,0.041743299982044846,262.8214505999931,262.8214505999931,262.8214505999931,262.8214505999931,1,0.39260237199069375,1,right,1,,,,,,,,,,,5_lx_2,2023-04-19_20h08.51.376,quest,2022.2.5,59.81855835301294,
utexture,0,3,3,15,,,,,,,,,,,,,,,,,,,,,,,,,,,,,,,,,,,,,,,,,,,,,5_lx_2,2023-04-19_20h08.51.376,quest,2022.2.5,59.81855835301294,
utexture,0,3,3,15,,,,,,,,,,solo,0.8,0.8,0.82,quantile,1,0,1,0,13,12,start,4,lin,0.38103863282156525,0.04917839998961426,264.6381379000086,264.6381379000086,264.6381379000086,264.6381379000086,1,0.38103863282156525,-1,left,1,,,,,,,,,,,5_lx_2,2023-04-19_20h08.51.376,quest,2022.2.5,59.81855835301294,
utexture,0,3,3,15,,,,,,,,,,,,,,,,,,,,,,,,,,,,,,,,,,,,,,,,,,,,,5_lx_2,2023-04-19_20h08.51.376,quest,2022.2.5,59.81855835301294,
utexture,0,3,3,15,,,,,,,,,,solo,0.8,0.8,0.82,quantile,1,0,1,0,14,13,start,4,lin,0.37139804414009503,0.04901249997783452,266.4381825000164,266.4381825000164,266.4381825000164,266.4381825000164,1,0.37139804414009503,1,right,1,269.4380314000009,269.4380314000009,269.4380314000009,,,,,,,,5_lx_2,2023-04-19_20h08.51.376,quest,2022.2.5,59.81855835301294,
utexture,0,3,3,15,,,,,,,,,,,,,,,,,,,,,,,,,,,,,,,,,,,,,,,,,,,,,5_lx_2,2023-04-19_20h08.51.376,quest,2022.2.5,59.81855835301294,
utexture,0,3,3,15,,,,,,,,,,solo,0.8,0.8,0.82,quantile,1,0,1,0,15,14,start,4,lin,0.36330902054639197,0.041832299990346655,270.6380530000024,270.6380530000024,270.6380530000024,270.6380530000024,1,0.36330902054639197,1,right,1,,,,,,,,,,,5_lx_2,2023-04-19_20h08.51.376,quest,2022.2.5,59.81855835301294,
utexture,0,3,3,15,,,,,,,,,,,,,,,,,,,,,,,,,,,,,,,,,,,,,,,,,,,,,5_lx_2,2023-04-19_20h08.51.376,quest,2022.2.5,59.81855835301294,
utexture,0,3,3,15,,,,,,,,,,solo,0.8,0.8,0.82,quantile,1,0,1,0,16,15,start,4,lin,0.3563983726426918,0.042057500017108396,272.4103507999971,272.4103507999971,272.4103507999971,272.4103507999971,1,0.3563983726426918,-1,left,1,,,,,,,,,,,5_lx_2,2023-04-19_20h08.51.376,quest,2022.2.5,59.81855835301294,
utexture,0,3,3,15,,,,,,,,,,,,,,,,,,,,,,,,,,,,,,,,,,,,,,,,,,,,,5_lx_2,2023-04-19_20h08.51.376,quest,2022.2.5,59.81855835301294,
utexture,0,3,3,15,,,,,,,,,,solo,0.8,0.8,0.82,quantile,1,0,1,0,17,16,start,4,lin,0.35040609561670627,0.04194539997843094,274.2544664000161,274.2544664000161,274.2544664000161,274.2544664000161,1,0.35040609561670627,-1,left,1,,,,,,,,,,,5_lx_2,2023-04-19_20h08.51.376,quest,2022.2.5,59.81855835301294,
utexture,0,3,3,15,,,,,,,,,,,,,,,,,,,,,,,,,,,,,,,,,,,,,,,,,,,,,5_lx_2,2023-04-19_20h08.51.376,quest,2022.2.5,59.81855835301294,
utexture,0,3,3,15,,,,,,,,,,solo,0.8,0.8,0.82,quantile,1,0,1,0,18,17,start,4,lin,0.3454867065779402,0.042260699992766604,276.638017099991,276.638017099991,276.638017099991,276.638017099991,1,0.3454867065779402,-1,left,1,,,,,,,,,,,5_lx_2,2023-04-19_20h08.51.376,quest,2022.2.5,59.81855835301294,
utexture,0,3,3,15,,,,,,,,,,,,,,,,,,,,,,,,,,,,,,,,,,,,,,,,,,,,,5_lx_2,2023-04-19_20h08.51.376,quest,2022.2.5,59.81855835301294,
utexture,0,3,3,15,,,,,,,,,,solo,0.8,0.8,0.82,quantile,1,0,1,0,19,18,start,4,lin,0.34100743337053996,0.04167279999819584,278.55495079999673,278.55495079999673,278.55495079999673,278.55495079999673,1,0.34100743337053996,-1,left,1,,,,,,,,,,,5_lx_2,2023-04-19_20h08.51.376,quest,2022.2.5,59.81855835301294,
utexture,0,3,3,15,,,,,,,,,,,,,,,,,,,,,,,,,,,,,,,,,,,,,,,,,,,,,5_lx_2,2023-04-19_20h08.51.376,quest,2022.2.5,59.81855835301294,
utexture,0,3,3,15,,,,,,,,,,solo,0.8,0.8,0.82,quantile,1,0,1,0,20,19,start,4,lin,0.33728436872665474,0.042860199988354,281.41041280000354,281.41041280000354,281.41041280000354,281.41041280000354,1,0.33728436872665474,-1,left,1,,,,,,,,,,,5_lx_2,2023-04-19_20h08.51.376,quest,2022.2.5,59.81855835301294,
utexture,0,3,3,15,,,,,,,,,,,,,,,,,,,,,,,,,,,,,,,,,,,,,,,,,,,,,5_lx_2,2023-04-19_20h08.51.376,quest,2022.2.5,59.81855835301294,
utexture,0,3,3,15,,,,,,,,,,solo,0.8,0.8,0.82,quantile,1,0,1,0,21,20,start,4,lin,0.33399215061952864,0.043287399981636554,283.87719669999206,283.87719669999206,283.87719669999206,283.87719669999206,1,0.33399215061952864,-1,left,1,,,,,,,,,,,5_lx_2,2023-04-19_20h08.51.376,quest,2022.2.5,59.81855835301294,
utexture,0,3,3,15,,,,,,,,,,,,,,,,,,,,,,,,,,,,,,,,,,,,,,,,,,,,,5_lx_2,2023-04-19_20h08.51.376,quest,2022.2.5,59.81855835301294,
utexture,0,3,3,15,,,,,,,,,,solo,0.8,0.8,0.82,quantile,1,0,1,0,22,21,start,4,lin,0.33088228794403707,0.04160810000030324,285.7381495000154,285.7381495000154,285.7381495000154,285.7381495000154,1,0.33088228794403707,-1,left,1,,,,,,,,,,,5_lx_2,2023-04-19_20h08.51.376,quest,2022.2.5,59.81855835301294,
utexture,0,3,3,15,,,,,,,,,,,,,,,,,,,,,,,,,,,,,,,,,,,,,,,,,,,,,5_lx_2,2023-04-19_20h08.51.376,quest,2022.2.5,59.81855835301294,
utexture,0,3,3,15,,,,,,,,,,solo,0.8,0.8,0.82,quantile,1,0,1,0,23,22,start,4,lin,0.3283396940833741,0.04178240001783706,287.5547736000153,287.5547736000153,287.5547736000153,287.5547736000153,1,0.3283396940833741,1,right,1,,,,,,,,,,,5_lx_2,2023-04-19_20h08.51.376,quest,2022.2.5,59.81855835301294,
utexture,0,3,3,15,,,,,,,,,,,,,,,,,,,,,,,,,,,,,,,,,,,,,,,,,,,,,5_lx_2,2023-04-19_20h08.51.376,quest,2022.2.5,59.81855835301294,
utexture,0,3,3,15,,,,,,,,,,solo,0.8,0.8,0.82,quantile,1,0,1,0,24,23,start,4,lin,0.3261353727175478,0.04261999999289401,289.3381242000032,289.3381242000032,289.3381242000032,289.3381242000032,1,0.3261353727175478,-1,left,1,,,,,,,,,,,5_lx_2,2023-04-19_20h08.51.376,quest,2022.2.5,59.81855835301294,
utexture,0,3,3,15,,,,,,,,,,,,,,,,,,,,,,,,,,,,,,,,,,,,,,,,,,,,,5_lx_2,2023-04-19_20h08.51.376,quest,2022.2.5,59.81855835301294,
utexture,0,3,3,15,,,,,,,,,,solo,0.8,0.8,0.82,quantile,1,0,1,0,25,24,start,4,lin,0.3240737287546753,0.04332550000981428,291.588036000001,291.588036000001,291.588036000001,291.588036000001,1,0.3240737287546753,1,right,1,,,,,,,,,,,5_lx_2,2023-04-19_20h08.51.376,quest,2022.2.5,59.81855835301294,
utexture,0,3,3,15,,,,,,,,,,,,,,,,,,,,,,,,,,,,,,,,,,,,,,,,,,,,,5_lx_2,2023-04-19_20h08.51.376,quest,2022.2.5,59.81855835301294,
utexture,0,3,3,15,,,,,,,,,,solo,0.8,0.8,0.82,quantile,1,0,1,0,26,25,start,4,lin,0.3221039939319435,0.04174320001038723,293.37147700000787,293.37147700000787,293.37147700000787,293.37147700000787,1,0.3221039939319435,1,right,1,,,,,,,,,,,5_lx_2,2023-04-19_20h08.51.376,quest,2022.2.5,59.81855835301294,
utexture,0,3,3,15,,,,,,,,,,,,,,,,,,,,,,,,,,,,,,,,,,,,,,,,,,,,,5_lx_2,2023-04-19_20h08.51.376,quest,2022.2.5,59.81855835301294,
utexture,0,3,3,15,,,,,,,,,,solo,0.8,0.8,0.82,quantile,1,0,1,0,27,26,start,4,lin,0.32022351590773757,0.04365680000046268,295.6880747000105,295.6880747000105,295.6880747000105,295.6880747000105,1,0.32022351590773757,-1,left,1,,,,,,,,,,,5_lx_2,2023-04-19_20h08.51.376,quest,2022.2.5,59.81855835301294,
utexture,0,3,3,15,,,,,,,,,,,,,,,,,,,,,,,,,,,,,,,,,,,,,,,,,,,,,5_lx_2,2023-04-19_20h08.51.376,quest,2022.2.5,59.81855835301294,
utexture,0,3,3,15,,,,,,,,,,solo,0.8,0.8,0.82,quantile,1,0,1,0,28,27,start,4,lin,0.3188212370209224,0.042084099986823276,297.43820880001294,297.43820880001294,297.43820880001294,297.43820880001294,1,0.3188212370209224,1,right,1,,,,,,,,,,,5_lx_2,2023-04-19_20h08.51.376,quest,2022.2.5,59.81855835301294,
utexture,0,3,3,15,,,,,,,,,,,,,,,,,,,,,,,,,,,,,,,,,,,,,,,,,,,,,5_lx_2,2023-04-19_20h08.51.376,quest,2022.2.5,59.81855835301294,
utexture,0,3,3,15,,,,,,,,,,solo,0.8,0.8,0.82,quantile,1,0,1,0,29,28,start,4,lin,0.31756108516723347,0.04289000001153909,300.42729079999845,300.42729079999845,300.42729079999845,300.42729079999845,1,0.31756108516723347,-1,left,1,,,,,,,,,,,5_lx_2,2023-04-19_20h08.51.376,quest,2022.2.5,59.81855835301294,
utexture,0,3,3,15,,,,,,,,,,,,,,,,,,,,,,,,,,,,,,,,,,,,,,,,,,,,,5_lx_2,2023-04-19_20h08.51.376,quest,2022.2.5,59.81855835301294,
utexture,0,3,3,15,,,,,,,,,,solo,0.8,0.8,0.82,quantile,1,0,1,0,30,29,start,4,lin,0.3163753027438346,0.0432172000000719,303.88820159999887,303.88820159999887,303.88820159999887,303.88820159999887,1,0.3163753027438346,1,right,1,,,,,,,,,,,5_lx_2,2023-04-19_20h08.51.376,quest,2022.2.5,59.81855835301294,
utexture,0,3,3,15,,,,,,,,,,,,,,,,,,,,,,,,,,,,,,,,,,,,,,,,,,,,,5_lx_2,2023-04-19_20h08.51.376,quest,2022.2.5,59.81855835301294,
utexture,0,3,3,15,,,,,,,,,,,,,,,,,,,,,,,,,,,,,,,,,,,,,,0.3095727204475381,0.025448046774356872,0.3222196365425207,,,,,5_lx_2,2023-04-19_20h08.51.376,quest,2022.2.5,59.81855835301294,
utexture,0,3,3,15,,,,,,,,,,,,,,,,,,,,,,,,,,,,,,,,,,,,,,,,,,,,,5_lx_2,2023-04-19_20h08.51.376,quest,2022.2.5,59.81855835301294,
uflower,0,4,4,3,,,,,,306.2522975000029,306.2522975000029,space,20.864005899988115,solo,0.8,0.8,0.82,quantile,1,0,1,0,1,0,start,4,lin,0.8,0.04876160001731478,327.6883134999953,327.6883134999953,327.6883134999953,327.6883134999953,1,0.8,1,right,1,,,,,,,,,,,5_lx_2,2023-04-19_20h08.51.376,quest,2022.2.5,59.81855835301294,
uflower,0,4,4,3,,,,,,,,,,,,,,,,,,,,,,,,,,,,,,,,,,,,,,,,,,,,,5_lx_2,2023-04-19_20h08.51.376,quest,2022.2.5,59.81855835301294,
uflower,0,4,4,3,,,,,,,,,,solo,0.8,0.8,0.82,quantile,1,0,1,0,2,1,start,4,lin,0.7711677739866264,0.04596990000572987,328.854639600002,328.854639600002,328.854639600002,328.854639600002,1,0.7711677739866264,-1,left,1,,,,,,,,,,,5_lx_2,2023-04-19_20h08.51.376,quest,2022.2.5,59.81855835301294,
uflower,0,4,4,3,,,,,,,,,,,,,,,,,,,,,,,,,,,,,,,,,,,,,,,,,,,,,5_lx_2,2023-04-19_20h08.51.376,quest,2022.2.5,59.81855835301294,
uflower,0,4,4,3,,,,,,,,,,solo,0.8,0.8,0.82,quantile,1,0,1,0,3,2,start,4,lin,0.6892364930809887,0.040247099997941405,330.02755530001014,330.02755530001014,330.02755530001014,330.02755530001014,1,0.6892364930809887,1,right,1,,,,,,,,,,,5_lx_2,2023-04-19_20h08.51.376,quest,2022.2.5,59.81855835301294,
uflower,0,4,4,3,,,,,,,,,,,,,,,,,,,,,,,,,,,,,,,,,,,,,,,,,,,,,5_lx_2,2023-04-19_20h08.51.376,quest,2022.2.5,59.81855835301294,
uflower,0,4,4,3,,,,,,,,,,solo,0.8,0.8,0.82,quantile,1,0,1,0,4,3,start,4,lin,0.6252138722597939,0.03963260000455193,331.33819290000247,331.33819290000247,331.33819290000247,331.33819290000247,1,0.6252138722597939,1,right,1,,,,,,,,,,,5_lx_2,2023-04-19_20h08.51.376,quest,2022.2.5,59.81855835301294,
uflower,0,4,4,3,,,,,,,,,,,,,,,,,,,,,,,,,,,,,,,,,,,,,,,,,,,,,5_lx_2,2023-04-19_20h08.51.376,quest,2022.2.5,59.81855835301294,
uflower,0,4,4,3,,,,,,,,,,solo,0.8,0.8,0.82,quantile,1,0,1,0,5,4,start,4,lin,0.5740588781600403,0.040927199996076524,332.5942960999964,332.5942960999964,332.5942960999964,332.5942960999964,1,0.5740588781600403,1,right,1,,,,,,,,,,,5_lx_2,2023-04-19_20h08.51.376,quest,2022.2.5,59.81855835301294,
uflower,0,4,4,3,,,,,,,,,,,,,,,,,,,,,,,,,,,,,,,,,,,,,,,,,,,,,5_lx_2,2023-04-19_20h08.51.376,quest,2022.2.5,59.81855835301294,
uflower,0,4,4,3,,,,,,,,,,solo,0.8,0.8,0.82,quantile,1,0,1,0,6,5,start,4,lin,0.5312315311569114,0.04088519999640994,333.93788230000064,333.93788230000064,333.93788230000064,333.93788230000064,1,0.5312315311569114,1,right,1,,,,,,,,,,,5_lx_2,2023-04-19_20h08.51.376,quest,2022.2.5,59.81855835301294,
uflower,0,4,4,3,,,,,,,,,,,,,,,,,,,,,,,,,,,,,,,,,,,,,,,,,,,,,5_lx_2,2023-04-19_20h08.51.376,quest,2022.2.5,59.81855835301294,
uflower,0,4,4,3,,,,,,,,,,solo,0.8,0.8,0.82,quantile,1,0,1,0,7,6,start,4,lin,0.49592477917827904,0.03965650001191534,335.78804970000056,335.78804970000056,335.78804970000056,335.78804970000056,1,0.49592477917827904,-1,left,1,,,,,,,,,,,5_lx_2,2023-04-19_20h08.51.376,quest,2022.2.5,59.81855835301294,
uflower,0,4,4,3,,,,,,,,,,,,,,,,,,,,,,,,,,,,,,,,,,,,,,,,,,,,,5_lx_2,2023-04-19_20h08.51.376,quest,2022.2.5,59.81855835301294,
uflower,0,4,4,3,,,,,,,,,,solo,0.8,0.8,0.82,quantile,1,0,1,0,8,7,start,4,lin,0.46698116941993095,0.03928619998623617,337.8548651000019,337.8548651000019,337.8548651000019,337.8548651000019,1,0.46698116941993095,-1,left,1,,,,,,,,,,,5_lx_2,2023-04-19_20h08.51.376,quest,2022.2.5,59.81855835301294,
uflower,0,4,4,3,,,,,,,,,,,,,,,,,,,,,,,,,,,,,,,,,,,,,,,,,,,,,5_lx_2,2023-04-19_20h08.51.376,quest,2022.2.5,59.81855835301294,
uflower,0,4,4,3,,,,,,,,,,solo,0.8,0.8,0.82,quantile,1,0,1,0,9,8,start,4,lin,0.4430068457305388,0.04602410001098178,339.68813739999314,339.68813739999314,339.68813739999314,339.68813739999314,1,0.4430068457305388,-1,left,1,,,,,,,,,,,5_lx_2,2023-04-19_20h08.51.376,quest,2022.2.5,59.81855835301294,
uflower,0,4,4,3,,,,,,,,,,,,,,,,,,,,,,,,,,,,,,,,,,,,,,,,,,,,,5_lx_2,2023-04-19_20h08.51.376,quest,2022.2.5,59.81855835301294,
uflower,0,4,4,3,,,,,,,,,,solo,0.8,0.8,0.82,quantile,1,0,1,0,10,9,start,4,lin,0.42295195219009735,0.04018579999683425,341.5605072999897,341.5605072999897,341.5605072999897,341.5605072999897,1,0.42295195219009735,-1,left,1,,,,,,,,,,,5_lx_2,2023-04-19_20h08.51.376,quest,2022.2.5,59.81855835301294,
uflower,0,4,4,3,,,,,,,,,,,,,,,,,,,,,,,,,,,,,,,,,,,,,,,,,,,,,5_lx_2,2023-04-19_20h08.51.376,quest,2022.2.5,59.81855835301294,
uflower,0,4,4,3,,,,,,,,,,solo,0.8,0.8,0.82,quantile,1,0,1,0,11,10,start,4,lin,0.4063189003109283,0.04431869997642934,344.2777111000032,344.2777111000032,344.2777111000032,344.2777111000032,1,0.4063189003109283,1,right,1,,,,,,,,,,,5_lx_2,2023-04-19_20h08.51.376,quest,2022.2.5,59.81855835301294,
uflower,0,4,4,3,,,,,,,,,,,,,,,,,,,,,,,,,,,,,,,,,,,,,,,,,,,,,5_lx_2,2023-04-19_20h08.51.376,quest,2022.2.5,59.81855835301294,
uflower,0,4,4,3,,,,,,,,,,solo,0.8,0.8,0.82,quantile,1,0,1,0,12,11,start,4,lin,0.39260237199069375,0.04018099998938851,346.08822550001787,346.08822550001787,346.08822550001787,346.08822550001787,1,0.39260237199069375,-1,left,1,,,,,,,,,,,5_lx_2,2023-04-19_20h08.51.376,quest,2022.2.5,59.81855835301294,
uflower,0,4,4,3,,,,,,,,,,,,,,,,,,,,,,,,,,,,,,,,,,,,,,,,,,,,,5_lx_2,2023-04-19_20h08.51.376,quest,2022.2.5,59.81855835301294,
uflower,0,4,4,3,,,,,,,,,,solo,0.8,0.8,0.82,quantile,1,0,1,0,13,12,start,4,lin,0.38103863282156525,0.04045800000312738,347.68829910000204,347.68829910000204,347.68829910000204,347.68829910000204,1,0.38103863282156525,1,right,1,,,,,,,,,,,5_lx_2,2023-04-19_20h08.51.376,quest,2022.2.5,59.81855835301294,
uflower,0,4,4,3,,,,,,,,,,,,,,,,,,,,,,,,,,,,,,,,,,,,,,,,,,,,,5_lx_2,2023-04-19_20h08.51.376,quest,2022.2.5,59.81855835301294,
uflower,0,4,4,3,,,,,,,,,,solo,0.8,0.8,0.82,quantile,1,0,1,0,14,13,start,4,lin,0.37139804414009503,0.04599089999101125,349.3049628000008,349.3049628000008,349.3049628000008,349.3049628000008,1,0.37139804414009503,1,right,1,,,,,,,,,,,5_lx_2,2023-04-19_20h08.51.376,quest,2022.2.5,59.81855835301294,
uflower,0,4,4,3,,,,,,,,,,,,,,,,,,,,,,,,,,,,,,,,,,,,,,,,,,,,,5_lx_2,2023-04-19_20h08.51.376,quest,2022.2.5,59.81855835301294,
uflower,0,4,4,3,,,,,,,,,,solo,0.8,0.8,0.82,quantile,1,0,1,0,15,14,start,4,lin,0.36330902054639197,0.0443682000041008,351.9716477000038,351.9716477000038,351.9716477000038,351.9716477000038,1,0.36330902054639197,-1,left,1,,,,,,,,,,,5_lx_2,2023-04-19_20h08.51.376,quest,2022.2.5,59.81855835301294,
uflower,0,4,4,3,,,,,,,,,,,,,,,,,,,,,,,,,,,,,,,,,,,,,,,,,,,,,5_lx_2,2023-04-19_20h08.51.376,quest,2022.2.5,59.81855835301294,
uflower,0,4,4,3,,,,,,,,,,solo,0.8,0.8,0.82,quantile,1,0,1,0,16,15,start,4,lin,0.3563983726426918,0.04575679998379201,355.3048237999901,355.3048237999901,355.3048237999901,355.3048237999901,1,0.3563983726426918,-1,left,1,,,,,,,,,,,5_lx_2,2023-04-19_20h08.51.376,quest,2022.2.5,59.81855835301294,
uflower,0,4,4,3,,,,,,,,,,,,,,,,,,,,,,,,,,,,,,,,,,,,,,,,,,,,,5_lx_2,2023-04-19_20h08.51.376,quest,2022.2.5,59.81855835301294,
uflower,0,4,4,3,,,,,,,,,,solo,0.8,0.8,0.82,quantile,1,0,1,0,17,16,start,4,lin,0.35040609561670627,0.04626780000398867,357.42163789999904,357.42163789999904,357.42163789999904,357.42163789999904,1,0.35040609561670627,1,right,1,,,,,,,,,,,5_lx_2,2023-04-19_20h08.51.376,quest,2022.2.5,59.81855835301294,
uflower,0,4,4,3,,,,,,,,,,,,,,,,,,,,,,,,,,,,,,,,,,,,,,,,,,,,,5_lx_2,2023-04-19_20h08.51.376,quest,2022.2.5,59.81855835301294,
uflower,0,4,4,3,,,,,,,,,,solo,0.8,0.8,0.82,quantile,1,0,1,0,18,17,start,4,lin,0.3454867065779402,0.04018550002365373,359.4715886999911,359.4715886999911,359.4715886999911,359.4715886999911,1,0.3454867065779402,1,right,1,,,,,,,,,,,5_lx_2,2023-04-19_20h08.51.376,quest,2022.2.5,59.81855835301294,
uflower,0,4,4,3,,,,,,,,,,,,,,,,,,,,,,,,,,,,,,,,,,,,,,,,,,,,,5_lx_2,2023-04-19_20h08.51.376,quest,2022.2.5,59.81855835301294,
uflower,0,4,4,3,,,,,,,,,,solo,0.8,0.8,0.82,quantile,1,0,1,0,19,18,start,4,lin,0.34100743337053996,0.03912060000584461,362.388188300014,362.388188300014,362.388188300014,362.388188300014,0,0.34100743337053996,-1,left,0,,,,,,,,,,,5_lx_2,2023-04-19_20h08.51.376,quest,2022.2.5,59.81855835301294,
uflower,0,4,4,3,,,,,,,,,,,,,,,,,,,,,,,,,,,,,,,,,,,,,,,,,,,,,5_lx_2,2023-04-19_20h08.51.376,quest,2022.2.5,59.81855835301294,
uflower,0,4,4,3,,,,,,,,,,solo,0.8,0.8,0.82,quantile,1,0,1,0,20,19,start,4,lin,0.3594552827154719,0.04117520002182573,364.7277444000065,364.7277444000065,364.7277444000065,364.7277444000065,1,0.3594552827154719,-1,left,1,,,,,,,,,,,5_lx_2,2023-04-19_20h08.51.376,quest,2022.2.5,59.81855835301294,
uflower,0,4,4,3,,,,,,,,,,,,,,,,,,,,,,,,,,,,,,,,,,,,,,,,,,,,,5_lx_2,2023-04-19_20h08.51.376,quest,2022.2.5,59.81855835301294,
uflower,0,4,4,3,,,,,,,,,,solo,0.8,0.8,0.82,quantile,1,0,1,0,21,20,start,4,lin,0.35407540468074983,0.03950659997644834,367.7550002000062,367.7550002000062,367.7550002000062,367.7550002000062,0,0.35407540468074983,1,right,0,370.75471130001824,370.75471130001824,370.75471130001824,,,,,,,,5_lx_2,2023-04-19_20h08.51.376,quest,2022.2.5,59.81855835301294,
uflower,0,4,4,3,,,,,,,,,,,,,,,,,,,,,,,,,,,,,,,,,,,,,,,,,,,,,5_lx_2,2023-04-19_20h08.51.376,quest,2022.2.5,59.81855835301294,
uflower,0,4,4,3,,,,,,,,,,solo,0.8,0.8,0.82,quantile,1,0,1,0,22,21,start,4,lin,0.3764487280367155,0.0390256000100635,371.75505300000077,371.75505300000077,371.75505300000077,371.75505300000077,0,0.3764487280367155,1,right,0,,,,,,,,,,,5_lx_2,2023-04-19_20h08.51.376,quest,2022.2.5,59.81855835301294,
uflower,0,4,4,3,,,,,,,,,,,,,,,,,,,,,,,,,,,,,,,,,,,,,,,,,,,,,5_lx_2,2023-04-19_20h08.51.376,quest,2022.2.5,59.81855835301294,
uflower,0,4,4,3,,,,,,,,,,solo,0.8,0.8,0.82,quantile,1,0,1,0,23,22,start,4,lin,0.4077293267000995,0.04061220001312904,374.8716984000057,374.8716984000057,374.8716984000057,374.8716984000057,1,0.4077293267000995,1,right,1,,,,,,,,,,,5_lx_2,2023-04-19_20h08.51.376,quest,2022.2.5,59.81855835301294,
uflower,0,4,4,3,,,,,,,,,,,,,,,,,,,,,,,,,,,,,,,,,,,,,,,,,,,,,5_lx_2,2023-04-19_20h08.51.376,quest,2022.2.5,59.81855835301294,
uflower,0,4,4,3,,,,,,,,,,solo,0.8,0.8,0.82,quantile,1,0,1,0,24,23,start,4,lin,0.3996053807246725,0.041547700006049126,377.52793350000866,377.52793350000866,377.52793350000866,377.52793350000866,1,0.3996053807246725,1,right,1,,,,,,,,,,,5_lx_2,2023-04-19_20h08.51.376,quest,2022.2.5,59.81855835301294,
uflower,0,4,4,3,,,,,,,,,,,,,,,,,,,,,,,,,,,,,,,,,,,,,,,,,,,,,5_lx_2,2023-04-19_20h08.51.376,quest,2022.2.5,59.81855835301294,
uflower,0,4,4,3,,,,,,,,,,solo,0.8,0.8,0.82,quantile,1,0,1,0,25,24,start,4,lin,0.3923958314601604,0.045840200007660314,379.1382292000053,379.1382292000053,379.1382292000053,379.1382292000053,0,0.3923958314601604,-1,left,0,382.14035840000724,382.14035840000724,382.14035840000724,,,,,,,,5_lx_2,2023-04-19_20h08.51.376,quest,2022.2.5,59.81855835301294,
uflower,0,4,4,3,,,,,,,,,,,,,,,,,,,,,,,,,,,,,,,,,,,,,,,,,,,,,5_lx_2,2023-04-19_20h08.51.376,quest,2022.2.5,59.81855835301294,
uflower,0,4,4,3,,,,,,,,,,solo,0.8,0.8,0.82,quantile,1,0,1,0,26,25,start,4,lin,0.42239283138410116,0.04499919997761026,383.1549917999946,383.1549917999946,383.1549917999946,383.1549917999946,0,0.42239283138410116,-1,left,0,386.15699789999053,386.15699789999053,386.15699789999053,,,,,,,,5_lx_2,2023-04-19_20h08.51.376,quest,2022.2.5,59.81855835301294,
uflower,0,4,4,3,,,,,,,,,,,,,,,,,,,,,,,,,,,,,,,,,,,,,,,,,,,,,5_lx_2,2023-04-19_20h08.51.376,quest,2022.2.5,59.81855835301294,
uflower,0,4,4,3,,,,,,,,,,solo,0.8,0.8,0.82,quantile,1,0,1,0,27,26,start,4,lin,0.4576640698982126,0.04548490000888705,387.81131099999766,387.81131099999766,387.81131099999766,387.81131099999766,1,0.4576640698982126,-1,left,1,,,,,,,,,,,5_lx_2,2023-04-19_20h08.51.376,quest,2022.2.5,59.81855835301294,
uflower,0,4,4,3,,,,,,,,,,,,,,,,,,,,,,,,,,,,,,,,,,,,,,,,,,,,,5_lx_2,2023-04-19_20h08.51.376,quest,2022.2.5,59.81855835301294,
uflower,0,4,4,3,,,,,,,,,,solo,0.8,0.8,0.82,quantile,1,0,1,0,28,27,start,4,lin,0.4487288776061735,0.04013549999217503,389.7549763999996,389.7549763999996,389.7549763999996,389.7549763999996,1,0.4487288776061735,1,right,1,,,,,,,,,,,5_lx_2,2023-04-19_20h08.51.376,quest,2022.2.5,59.81855835301294,
uflower,0,4,4,3,,,,,,,,,,,,,,,,,,,,,,,,,,,,,,,,,,,,,,,,,,,,,5_lx_2,2023-04-19_20h08.51.376,quest,2022.2.5,59.81855835301294,
uflower,0,4,4,3,,,,,,,,,,solo,0.8,0.8,0.82,quantile,1,0,1,0,29,28,start,4,lin,0.44075139327813645,0.041756599996006116,391.8717716000101,391.8717716000101,391.8717716000101,391.8717716000101,1,0.44075139327813645,-1,left,1,,,,,,,,,,,5_lx_2,2023-04-19_20h08.51.376,quest,2022.2.5,59.81855835301294,
uflower,0,4,4,3,,,,,,,,,,,,,,,,,,,,,,,,,,,,,,,,,,,,,,,,,,,,,5_lx_2,2023-04-19_20h08.51.376,quest,2022.2.5,59.81855835301294,
uflower,0,4,4,3,,,,,,,,,,solo,0.8,0.8,0.82,quantile,1,0,1,0,30,29,start,4,lin,0.43359186239120884,0.04069799999706447,393.3716689000139,393.3716689000139,393.3716689000139,393.3716689000139,1,0.43359186239120884,-1,left,1,,,,,,,,,,,5_lx_2,2023-04-19_20h08.51.376,quest,2022.2.5,59.81855835301294,
uflower,0,4,4,3,,,,,,,,,,,,,,,,,,,,,,,,,,,,,,,,,,,,,,,,,,,,,5_lx_2,2023-04-19_20h08.51.376,quest,2022.2.5,59.81855835301294,
uflower,0,4,4,3,,,,,,,,,,,,,,,,,,,,,,,,,,,,,,,,,,,,,,0.4135771096416547,0.06423709246373248,0.4260377462472216,,,,,5_lx_2,2023-04-19_20h08.51.376,quest,2022.2.5,59.81855835301294,
uflower,0,4,4,3,,,,,,,,,,,,,,,,,,,,,,,,,,,,,,,,,,,,,,,,,,,,,5_lx_2,2023-04-19_20h08.51.376,quest,2022.2.5,59.81855835301294,
winter,0,5,5,16,,,,,,394.9524648000079,394.9524648000079,space,1.9077214999997523,solo,0.8,0.8,0.82,quantile,1,0,1,0,1,0,start,4,lin,0.8,0.05881570000201464,397.43846649999614,397.43846649999614,397.43846649999614,397.43846649999614,1,0.8,1,right,1,,,,,,,,,,,5_lx_2,2023-04-19_20h08.51.376,quest,2022.2.5,59.81855835301294,
winter,0,5,5,16,,,,,,,,,,,,,,,,,,,,,,,,,,,,,,,,,,,,,,,,,,,,,5_lx_2,2023-04-19_20h08.51.376,quest,2022.2.5,59.81855835301294,
winter,0,5,5,16,,,,,,,,,,solo,0.8,0.8,0.82,quantile,1,0,1,0,2,1,start,4,lin,0.7711677739866264,0.03759970000828616,398.5293416999921,398.5293416999921,398.5293416999921,398.5293416999921,1,0.7711677739866264,-1,left,1,,,,,,,,,,,5_lx_2,2023-04-19_20h08.51.376,quest,2022.2.5,59.81855835301294,
winter,0,5,5,16,,,,,,,,,,,,,,,,,,,,,,,,,,,,,,,,,,,,,,,,,,,,,5_lx_2,2023-04-19_20h08.51.376,quest,2022.2.5,59.81855835301294,
winter,0,5,5,16,,,,,,,,,,solo,0.8,0.8,0.82,quantile,1,0,1,0,3,2,start,4,lin,0.6892364930809887,0.0382681000046432,399.8216459999967,399.8216459999967,399.8216459999967,399.8216459999967,1,0.6892364930809887,-1,left,1,,,,,,,,,,,5_lx_2,2023-04-19_20h08.51.376,quest,2022.2.5,59.81855835301294,
winter,0,5,5,16,,,,,,,,,,,,,,,,,,,,,,,,,,,,,,,,,,,,,,,,,,,,,5_lx_2,2023-04-19_20h08.51.376,quest,2022.2.5,59.81855835301294,
winter,0,5,5,16,,,,,,,,,,solo,0.8,0.8,0.82,quantile,1,0,1,0,4,3,start,4,lin,0.6252138722597939,0.038412699999753386,400.894597800012,400.894597800012,400.894597800012,400.894597800012,1,0.6252138722597939,1,right,1,,,,,,,,,,,5_lx_2,2023-04-19_20h08.51.376,quest,2022.2.5,59.81855835301294,
winter,0,5,5,16,,,,,,,,,,,,,,,,,,,,,,,,,,,,,,,,,,,,,,,,,,,,,5_lx_2,2023-04-19_20h08.51.376,quest,2022.2.5,59.81855835301294,
winter,0,5,5,16,,,,,,,,,,solo,0.8,0.8,0.82,quantile,1,0,1,0,5,4,start,4,lin,0.5740588781600403,0.04586169999674894,402.02175149999675,402.02175149999675,402.02175149999675,402.02175149999675,1,0.5740588781600403,1,right,1,,,,,,,,,,,5_lx_2,2023-04-19_20h08.51.376,quest,2022.2.5,59.81855835301294,
winter,0,5,5,16,,,,,,,,,,,,,,,,,,,,,,,,,,,,,,,,,,,,,,,,,,,,,5_lx_2,2023-04-19_20h08.51.376,quest,2022.2.5,59.81855835301294,
winter,0,5,5,16,,,,,,,,,,solo,0.8,0.8,0.82,quantile,1,0,1,0,6,5,start,4,lin,0.5312315311569114,0.044235500012291595,403.6449030000076,403.6449030000076,403.6449030000076,403.6449030000076,1,0.5312315311569114,-1,left,1,,,,,,,,,,,5_lx_2,2023-04-19_20h08.51.376,quest,2022.2.5,59.81855835301294,
winter,0,5,5,16,,,,,,,,,,,,,,,,,,,,,,,,,,,,,,,,,,,,,,,,,,,,,5_lx_2,2023-04-19_20h08.51.376,quest,2022.2.5,59.81855835301294,
winter,0,5,5,16,,,,,,,,,,solo,0.8,0.8,0.82,quantile,1,0,1,0,7,6,start,4,lin,0.49592477917827904,0.0378181999840308,405.35527480000746,405.35527480000746,405.35527480000746,405.35527480000746,1,0.49592477917827904,1,right,1,,,,,,,,,,,5_lx_2,2023-04-19_20h08.51.376,quest,2022.2.5,59.81855835301294,
winter,0,5,5,16,,,,,,,,,,,,,,,,,,,,,,,,,,,,,,,,,,,,,,,,,,,,,5_lx_2,2023-04-19_20h08.51.376,quest,2022.2.5,59.81855835301294,
winter,0,5,5,16,,,,,,,,,,solo,0.8,0.8,0.82,quantile,1,0,1,0,8,7,start,4,lin,0.46698116941993095,0.038556600018637255,406.85499280001386,406.85499280001386,406.85499280001386,406.85499280001386,1,0.46698116941993095,1,right,1,,,,,,,,,,,5_lx_2,2023-04-19_20h08.51.376,quest,2022.2.5,59.81855835301294,
winter,0,5,5,16,,,,,,,,,,,,,,,,,,,,,,,,,,,,,,,,,,,,,,,,,,,,,5_lx_2,2023-04-19_20h08.51.376,quest,2022.2.5,59.81855835301294,
winter,0,5,5,16,,,,,,,,,,solo,0.8,0.8,0.82,quantile,1,0,1,0,9,8,start,4,lin,0.4430068457305388,0.04560710000805557,408.78839540001354,408.78839540001354,408.78839540001354,408.78839540001354,1,0.4430068457305388,1,right,1,,,,,,,,,,,5_lx_2,2023-04-19_20h08.51.376,quest,2022.2.5,59.81855835301294,
winter,0,5,5,16,,,,,,,,,,,,,,,,,,,,,,,,,,,,,,,,,,,,,,,,,,,,,5_lx_2,2023-04-19_20h08.51.376,quest,2022.2.5,59.81855835301294,
winter,0,5,5,16,,,,,,,,,,solo,0.8,0.8,0.82,quantile,1,0,1,0,10,9,start,4,lin,0.42295195219009735,0.04566129998420365,410.7884425999946,410.7884425999946,410.7884425999946,410.7884425999946,1,0.42295195219009735,1,right,1,,,,,,,,,,,5_lx_2,2023-04-19_20h08.51.376,quest,2022.2.5,59.81855835301294,
winter,0,5,5,16,,,,,,,,,,,,,,,,,,,,,,,,,,,,,,,,,,,,,,,,,,,,,5_lx_2,2023-04-19_20h08.51.376,quest,2022.2.5,59.81855835301294,
winter,0,5,5,16,,,,,,,,,,solo,0.8,0.8,0.82,quantile,1,0,1,0,11,10,start,4,lin,0.4063189003109283,0.038781900017056614,412.36120300000766,412.36120300000766,412.36120300000766,412.36120300000766,1,0.4063189003109283,-1,left,1,,,,,,,,,,,5_lx_2,2023-04-19_20h08.51.376,quest,2022.2.5,59.81855835301294,
winter,0,5,5,16,,,,,,,,,,,,,,,,,,,,,,,,,,,,,,,,,,,,,,,,,,,,,5_lx_2,2023-04-19_20h08.51.376,quest,2022.2.5,59.81855835301294,
winter,0,5,5,16,,,,,,,,,,solo,0.8,0.8,0.82,quantile,1,0,1,0,12,11,start,4,lin,0.39260237199069375,0.038289799995254725,414.0718853000144,414.0718853000144,414.0718853000144,414.0718853000144,1,0.39260237199069375,-1,left,1,,,,,,,,,,,5_lx_2,2023-04-19_20h08.51.376,quest,2022.2.5,59.81855835301294,
winter,0,5,5,16,,,,,,,,,,,,,,,,,,,,,,,,,,,,,,,,,,,,,,,,,,,,,5_lx_2,2023-04-19_20h08.51.376,quest,2022.2.5,59.81855835301294,
winter,0,5,5,16,,,,,,,,,,solo,0.8,0.8,0.82,quantile,1,0,1,0,13,12,start,4,lin,0.38103863282156525,0.037880799995036796,415.7886451999948,415.7886451999948,415.7886451999948,415.7886451999948,1,0.38103863282156525,-1,left,1,,,,,,,,,,,5_lx_2,2023-04-19_20h08.51.376,quest,2022.2.5,59.81855835301294,
winter,0,5,5,16,,,,,,,,,,,,,,,,,,,,,,,,,,,,,,,,,,,,,,,,,,,,,5_lx_2,2023-04-19_20h08.51.376,quest,2022.2.5,59.81855835301294,
winter,0,5,5,16,,,,,,,,,,solo,0.8,0.8,0.82,quantile,1,0,1,0,14,13,start,4,lin,0.37139804414009503,0.038397900003474206,417.5553032000025,417.5553032000025,417.5553032000025,417.5553032000025,1,0.37139804414009503,1,right,1,,,,,,,,,,,5_lx_2,2023-04-19_20h08.51.376,quest,2022.2.5,59.81855835301294,
winter,0,5,5,16,,,,,,,,,,,,,,,,,,,,,,,,,,,,,,,,,,,,,,,,,,,,,5_lx_2,2023-04-19_20h08.51.376,quest,2022.2.5,59.81855835301294,
winter,0,5,5,16,,,,,,,,,,solo,0.8,0.8,0.82,quantile,1,0,1,0,15,14,start,4,lin,0.36330902054639197,0.03793659998336807,420.5053884999943,420.5053884999943,420.5053884999943,420.5053884999943,1,0.36330902054639197,-1,left,1,423.5071990000142,423.5071990000142,423.5071990000142,,,,,,,,5_lx_2,2023-04-19_20h08.51.376,quest,2022.2.5,59.81855835301294,
winter,0,5,5,16,,,,,,,,,,,,,,,,,,,,,,,,,,,,,,,,,,,,,,,,,,,,,5_lx_2,2023-04-19_20h08.51.376,quest,2022.2.5,59.81855835301294,
winter,0,5,5,16,,,,,,,,,,solo,0.8,0.8,0.82,quantile,1,0,1,0,16,15,start,4,lin,0.3563983726426918,0.038107700005639344,424.1052674000093,424.1052674000093,424.1052674000093,424.1052674000093,1,0.3563983726426918,-1,left,1,,,,,,,,,,,5_lx_2,2023-04-19_20h08.51.376,quest,2022.2.5,59.81855835301294,
winter,0,5,5,16,,,,,,,,,,,,,,,,,,,,,,,,,,,,,,,,,,,,,,,,,,,,,5_lx_2,2023-04-19_20h08.51.376,quest,2022.2.5,59.81855835301294,
winter,0,5,5,16,,,,,,,,,,solo,0.8,0.8,0.82,quantile,1,0,1,0,17,16,start,4,lin,0.35040609561670627,0.038194900000235066,427.21106750000035,427.21106750000035,427.21106750000035,427.21106750000035,1,0.35040609561670627,1,right,1,,,,,,,,,,,5_lx_2,2023-04-19_20h08.51.376,quest,2022.2.5,59.81855835301294,
winter,0,5,5,16,,,,,,,,,,,,,,,,,,,,,,,,,,,,,,,,,,,,,,,,,,,,,5_lx_2,2023-04-19_20h08.51.376,quest,2022.2.5,59.81855835301294,
winter,0,5,5,16,,,,,,,,,,solo,0.8,0.8,0.82,quantile,1,0,1,0,18,17,start,4,lin,0.3454867065779402,0.0409734999993816,429.0718482999946,429.0718482999946,429.0718482999946,429.0718482999946,0,0.3454867065779402,-1,left,0,,,,,,,,,,,5_lx_2,2023-04-19_20h08.51.376,quest,2022.2.5,59.81855835301294,
winter,0,5,5,16,,,,,,,,,,,,,,,,,,,,,,,,,,,,,,,,,,,,,,,,,,,,,5_lx_2,2023-04-19_20h08.51.376,quest,2022.2.5,59.81855835301294,
winter,0,5,5,16,,,,,,,,,,solo,0.8,0.8,0.82,quantile,1,0,1,0,19,18,start,4,lin,0.3677333023560201,0.037849899992579594,431.35520079999696,431.35520079999696,431.35520079999696,431.35520079999696,1,0.3677333023560201,-1,left,1,,,,,,,,,,,5_lx_2,2023-04-19_20h08.51.376,quest,2022.2.5,59.81855835301294,
winter,0,5,5,16,,,,,,,,,,,,,,,,,,,,,,,,,,,,,,,,,,,,,,,,,,,,,5_lx_2,2023-04-19_20h08.51.376,quest,2022.2.5,59.81855835301294,
winter,0,5,5,16,,,,,,,,,,solo,0.8,0.8,0.82,quantile,1,0,1,0,20,19,start,4,lin,0.3613167306461233,0.03833749998011626,434.3221431999991,434.3221431999991,434.3221431999991,434.3221431999991,1,0.3613167306461233,1,right,1,,,,,,,,,,,5_lx_2,2023-04-19_20h08.51.376,quest,2022.2.5,59.81855835301294,
winter,0,5,5,16,,,,,,,,,,,,,,,,,,,,,,,,,,,,,,,,,,,,,,,,,,,,,5_lx_2,2023-04-19_20h08.51.376,quest,2022.2.5,59.81855835301294,
winter,0,5,5,16,,,,,,,,,,solo,0.8,0.8,0.82,quantile,1,0,1,0,21,20,start,4,lin,0.35576244056159,0.03845900000305846,436.35533640001086,436.35533640001086,436.35533640001086,436.35533640001086,1,0.35576244056159,1,right,1,,,,,,,,,,,5_lx_2,2023-04-19_20h08.51.376,quest,2022.2.5,59.81855835301294,
winter,0,5,5,16,,,,,,,,,,,,,,,,,,,,,,,,,,,,,,,,,,,,,,,,,,,,,5_lx_2,2023-04-19_20h08.51.376,quest,2022.2.5,59.81855835301294,
winter,0,5,5,16,,,,,,,,,,solo,0.8,0.8,0.82,quantile,1,0,1,0,22,21,start,4,lin,0.3507296465377263,0.03803450000123121,438.4054870000109,438.4054870000109,438.4054870000109,438.4054870000109,1,0.3507296465377263,-1,left,1,,,,,,,,,,,5_lx_2,2023-04-19_20h08.51.376,quest,2022.2.5,59.81855835301294,
winter,0,5,5,16,,,,,,,,,,,,,,,,,,,,,,,,,,,,,,,,,,,,,,,,,,,,,5_lx_2,2023-04-19_20h08.51.376,quest,2022.2.5,59.81855835301294,
winter,0,5,5,16,,,,,,,,,,solo,0.8,0.8,0.82,quantile,1,0,1,0,23,22,start,4,lin,0.34644638080376317,0.03868729999521747,440.955412100011,440.955412100011,440.955412100011,440.955412100011,1,0.34644638080376317,1,right,1,,,,,,,,,,,5_lx_2,2023-04-19_20h08.51.376,quest,2022.2.5,59.81855835301294,
winter,0,5,5,16,,,,,,,,,,,,,,,,,,,,,,,,,,,,,,,,,,,,,,,,,,,,,5_lx_2,2023-04-19_20h08.51.376,quest,2022.2.5,59.81855835301294,
winter,0,5,5,16,,,,,,,,,,solo,0.8,0.8,0.82,quantile,1,0,1,0,24,23,start,4,lin,0.34253867789254844,0.038291199976811185,442.85551600001054,442.85551600001054,442.85551600001054,442.85551600001054,1,0.34253867789254844,-1,left,1,,,,,,,,,,,5_lx_2,2023-04-19_20h08.51.376,quest,2022.2.5,59.81855835301294,
winter,0,5,5,16,,,,,,,,,,,,,,,,,,,,,,,,,,,,,,,,,,,,,,,,,,,,,5_lx_2,2023-04-19_20h08.51.376,quest,2022.2.5,59.81855835301294,
winter,0,5,5,16,,,,,,,,,,solo,0.8,0.8,0.82,quantile,1,0,1,0,25,24,start,4,lin,0.33897389934630645,0.038261799985775724,445.47219269999187,445.47219269999187,445.47219269999187,445.47219269999187,1,0.33897389934630645,-1,left,1,,,,,,,,,,,5_lx_2,2023-04-19_20h08.51.376,quest,2022.2.5,59.81855835301294,
winter,0,5,5,16,,,,,,,,,,,,,,,,,,,,,,,,,,,,,,,,,,,,,,,,,,,,,5_lx_2,2023-04-19_20h08.51.376,quest,2022.2.5,59.81855835301294,
winter,0,5,5,16,,,,,,,,,,solo,0.8,0.8,0.82,quantile,1,0,1,0,26,25,start,4,lin,0.3359818141092098,0.038014100020518526,448.3449357000063,448.3449357000063,448.3449357000063,448.3449357000063,1,0.3359818141092098,1,right,1,,,,,,,,,,,5_lx_2,2023-04-19_20h08.51.376,quest,2022.2.5,59.81855835301294,
winter,0,5,5,16,,,,,,,,,,,,,,,,,,,,,,,,,,,,,,,,,,,,,,,,,,,,,5_lx_2,2023-04-19_20h08.51.376,quest,2022.2.5,59.81855835301294,
winter,0,5,5,16,,,,,,,,,,solo,0.8,0.8,0.82,quantile,1,0,1,0,27,26,start,4,lin,0.33317344870320253,0.03867160002118908,450.645101800008,450.645101800008,450.645101800008,450.645101800008,0,0.33317344870320253,1,right,0,,,,,,,,,,,5_lx_2,2023-04-19_20h08.51.376,quest,2022.2.5,59.81855835301294,
winter,0,5,5,16,,,,,,,,,,,,,,,,,,,,,,,,,,,,,,,,,,,,,,,,,,,,,5_lx_2,2023-04-19_20h08.51.376,quest,2022.2.5,59.81855835301294,
winter,0,5,5,16,,,,,,,,,,solo,0.8,0.8,0.82,quantile,1,0,1,0,28,27,start,4,lin,0.3449276684550936,0.038670500012813136,452.90521130000707,452.90521130000707,452.90521130000707,452.90521130000707,1,0.3449276684550936,-1,left,1,,,,,,,,,,,5_lx_2,2023-04-19_20h08.51.376,quest,2022.2.5,59.81855835301294,
winter,0,5,5,16,,,,,,,,,,,,,,,,,,,,,,,,,,,,,,,,,,,,,,,,,,,,,5_lx_2,2023-04-19_20h08.51.376,quest,2022.2.5,59.81855835301294,
winter,0,5,5,16,,,,,,,,,,solo,0.8,0.8,0.82,quantile,1,0,1,0,29,28,start,4,lin,0.3414397353435038,0.03815720000420697,455.5945828999975,455.5945828999975,455.5945828999975,455.5945828999975,1,0.3414397353435038,-1,left,1,,,,,,,,,,,5_lx_2,2023-04-19_20h08.51.376,quest,2022.2.5,59.81855835301294,
winter,0,5,5,16,,,,,,,,,,,,,,,,,,,,,,,,,,,,,,,,,,,,,,,,,,,,,5_lx_2,2023-04-19_20h08.51.376,quest,2022.2.5,59.81855835301294,
winter,0,5,5,16,,,,,,,,,,solo,0.8,0.8,0.82,quantile,1,0,1,0,30,29,start,4,lin,0.33837338935800415,0.04075129999546334,458.04479859999265,458.04479859999265,458.04479859999265,458.04479859999265,1,0.33837338935800415,-1,left,1,,,,,,,,,,,5_lx_2,2023-04-19_20h08.51.376,quest,2022.2.5,59.81855835301294,
winter,0,5,5,16,,,,,,,,,,,,,,,,,,,,,,,,,,,,,,,,,,,,,,,,,,,,,5_lx_2,2023-04-19_20h08.51.376,quest,2022.2.5,59.81855835301294,
winter,0,5,5,16,,,,,,,,,,,,,,,,,,,,,,,,,,,,,,,,,,,,,,0.32703991013141104,0.037946724655006155,0.3410219668471628,,,,,5_lx_2,2023-04-19_20h08.51.376,quest,2022.2.5,59.81855835301294,
winter,0,5,5,16,,,,,,,,,,,,,,,,,,,,,,,,,,,,,,,,,,,,,,,,,,,,,5_lx_2,2023-04-19_20h08.51.376,quest,2022.2.5,59.81855835301294,
flower,0,6,6,2,,,,,,459.6029143999913,459.6029143999913,space,1.9932259999914095,solo,0.8,0.8,0.82,quantile,1,0,1,0,1,0,start,4,lin,0.8,0.05715999999665655,462.17225080000935,462.17225080000935,462.17225080000935,462.17225080000935,1,0.8,-1,left,1,,,,,,,,,,,5_lx_2,2023-04-19_20h08.51.376,quest,2022.2.5,59.81855835301294,
flower,0,6,6,2,,,,,,,,,,,,,,,,,,,,,,,,,,,,,,,,,,,,,,,,,,,,,5_lx_2,2023-04-19_20h08.51.376,quest,2022.2.5,59.81855835301294,
flower,0,6,6,2,,,,,,,,,,solo,0.8,0.8,0.82,quantile,1,0,1,0,2,1,start,4,lin,0.7711677739866264,0.0504705999919679,463.4053669999994,463.4053669999994,463.4053669999994,463.4053669999994,1,0.7711677739866264,-1,left,1,,,,,,,,,,,5_lx_2,2023-04-19_20h08.51.376,quest,2022.2.5,59.81855835301294,
flower,0,6,6,2,,,,,,,,,,,,,,,,,,,,,,,,,,,,,,,,,,,,,,,,,,,,,5_lx_2,2023-04-19_20h08.51.376,quest,2022.2.5,59.81855835301294,
flower,0,6,6,2,,,,,,,,,,solo,0.8,0.8,0.82,quantile,1,0,1,0,3,2,start,4,lin,0.6892364930809887,0.0468408000015188,464.49494979999145,464.49494979999145,464.49494979999145,464.49494979999145,1,0.6892364930809887,1,right,1,,,,,,,,,,,5_lx_2,2023-04-19_20h08.51.376,quest,2022.2.5,59.81855835301294,
flower,0,6,6,2,,,,,,,,,,,,,,,,,,,,,,,,,,,,,,,,,,,,,,,,,,,,,5_lx_2,2023-04-19_20h08.51.376,quest,2022.2.5,59.81855835301294,
flower,0,6,6,2,,,,,,,,,,solo,0.8,0.8,0.82,quantile,1,0,1,0,4,3,start,4,lin,0.6252138722597939,0.04315879999194294,465.80546969998977,465.80546969998977,465.80546969998977,465.80546969998977,1,0.6252138722597939,1,right,1,,,,,,,,,,,5_lx_2,2023-04-19_20h08.51.376,quest,2022.2.5,59.81855835301294,
flower,0,6,6,2,,,,,,,,,,,,,,,,,,,,,,,,,,,,,,,,,,,,,,,,,,,,,5_lx_2,2023-04-19_20h08.51.376,quest,2022.2.5,59.81855835301294,
flower,0,6,6,2,,,,,,,,,,solo,0.8,0.8,0.82,quantile,1,0,1,0,5,4,start,4,lin,0.5740588781600403,0.0424850000126753,466.9283445000183,466.9283445000183,466.9283445000183,466.9283445000183,1,0.5740588781600403,1,right,1,,,,,,,,,,,5_lx_2,2023-04-19_20h08.51.376,quest,2022.2.5,59.81855835301294,
flower,0,6,6,2,,,,,,,,,,,,,,,,,,,,,,,,,,,,,,,,,,,,,,,,,,,,,5_lx_2,2023-04-19_20h08.51.376,quest,2022.2.5,59.81855835301294,
flower,0,6,6,2,,,,,,,,,,solo,0.8,0.8,0.82,quantile,1,0,1,0,6,5,start,4,lin,0.5312315311569114,0.042454499984160066,468.25566359999357,468.25566359999357,468.25566359999357,468.25566359999357,1,0.5312315311569114,-1,left,1,,,,,,,,,,,5_lx_2,2023-04-19_20h08.51.376,quest,2022.2.5,59.81855835301294,
flower,0,6,6,2,,,,,,,,,,,,,,,,,,,,,,,,,,,,,,,,,,,,,,,,,,,,,5_lx_2,2023-04-19_20h08.51.376,quest,2022.2.5,59.81855835301294,
flower,0,6,6,2,,,,,,,,,,solo,0.8,0.8,0.82,quantile,1,0,1,0,7,6,start,4,lin,0.49592477917827904,0.04639889998361468,469.8785324000055,469.8785324000055,469.8785324000055,469.8785324000055,1,0.49592477917827904,1,right,1,,,,,,,,,,,5_lx_2,2023-04-19_20h08.51.376,quest,2022.2.5,59.81855835301294,
flower,0,6,6,2,,,,,,,,,,,,,,,,,,,,,,,,,,,,,,,,,,,,,,,,,,,,,5_lx_2,2023-04-19_20h08.51.376,quest,2022.2.5,59.81855835301294,
flower,0,6,6,2,,,,,,,,,,solo,0.8,0.8,0.82,quantile,1,0,1,0,8,7,start,4,lin,0.46698116941993095,0.044927600014489144,471.68879499999457,471.68879499999457,471.68879499999457,471.68879499999457,1,0.46698116941993095,-1,left,1,,,,,,,,,,,5_lx_2,2023-04-19_20h08.51.376,quest,2022.2.5,59.81855835301294,
flower,0,6,6,2,,,,,,,,,,,,,,,,,,,,,,,,,,,,,,,,,,,,,,,,,,,,,5_lx_2,2023-04-19_20h08.51.376,quest,2022.2.5,59.81855835301294,
flower,0,6,6,2,,,,,,,,,,solo,0.8,0.8,0.82,quantile,1,0,1,0,9,8,start,4,lin,0.4430068457305388,0.04313579999143258,473.2556756999984,473.2556756999984,473.2556756999984,473.2556756999984,1,0.4430068457305388,1,right,1,,,,,,,,,,,5_lx_2,2023-04-19_20h08.51.376,quest,2022.2.5,59.81855835301294,
flower,0,6,6,2,,,,,,,,,,,,,,,,,,,,,,,,,,,,,,,,,,,,,,,,,,,,,5_lx_2,2023-04-19_20h08.51.376,quest,2022.2.5,59.81855835301294,
flower,0,6,6,2,,,,,,,,,,solo,0.8,0.8,0.82,quantile,1,0,1,0,10,9,start,4,lin,0.42295195219009735,0.051724799996009097,474.77229510000325,474.77229510000325,474.77229510000325,474.77229510000325,1,0.42295195219009735,1,right,1,,,,,,,,,,,5_lx_2,2023-04-19_20h08.51.376,quest,2022.2.5,59.81855835301294,
flower,0,6,6,2,,,,,,,,,,,,,,,,,,,,,,,,,,,,,,,,,,,,,,,,,,,,,5_lx_2,2023-04-19_20h08.51.376,quest,2022.2.5,59.81855835301294,
flower,0,6,6,2,,,,,,,,,,solo,0.8,0.8,0.82,quantile,1,0,1,0,11,10,start,4,lin,0.4063189003109283,0.04226590000325814,476.56165720001445,476.56165720001445,476.56165720001445,476.56165720001445,1,0.4063189003109283,1,right,1,,,,,,,,,,,5_lx_2,2023-04-19_20h08.51.376,quest,2022.2.5,59.81855835301294,
flower,0,6,6,2,,,,,,,,,,,,,,,,,,,,,,,,,,,,,,,,,,,,,,,,,,,,,5_lx_2,2023-04-19_20h08.51.376,quest,2022.2.5,59.81855835301294,
flower,0,6,6,2,,,,,,,,,,solo,0.8,0.8,0.82,quantile,1,0,1,0,12,11,start,4,lin,0.39260237199069375,0.042484300007345155,478.3723316999967,478.3723316999967,478.3723316999967,478.3723316999967,1,0.39260237199069375,1,right,1,,,,,,,,,,,5_lx_2,2023-04-19_20h08.51.376,quest,2022.2.5,59.81855835301294,
flower,0,6,6,2,,,,,,,,,,,,,,,,,,,,,,,,,,,,,,,,,,,,,,,,,,,,,5_lx_2,2023-04-19_20h08.51.376,quest,2022.2.5,59.81855835301294,
flower,0,6,6,2,,,,,,,,,,solo,0.8,0.8,0.82,quantile,1,0,1,0,13,12,start,4,lin,0.38103863282156525,0.045800199994118884,480.655754300009,480.655754300009,480.655754300009,480.655754300009,1,0.38103863282156525,1,right,1,,,,,,,,,,,5_lx_2,2023-04-19_20h08.51.376,quest,2022.2.5,59.81855835301294,
flower,0,6,6,2,,,,,,,,,,,,,,,,,,,,,,,,,,,,,,,,,,,,,,,,,,,,,5_lx_2,2023-04-19_20h08.51.376,quest,2022.2.5,59.81855835301294,
flower,0,6,6,2,,,,,,,,,,solo,0.8,0.8,0.82,quantile,1,0,1,0,14,13,start,4,lin,0.37139804414009503,0.05124430000432767,483.0118235000118,483.0118235000118,483.0118235000118,483.0118235000118,1,0.37139804414009503,1,right,1,,,,,,,,,,,5_lx_2,2023-04-19_20h08.51.376,quest,2022.2.5,59.81855835301294,
flower,0,6,6,2,,,,,,,,,,,,,,,,,,,,,,,,,,,,,,,,,,,,,,,,,,,,,5_lx_2,2023-04-19_20h08.51.376,quest,2022.2.5,59.81855835301294,
flower,0,6,6,2,,,,,,,,,,solo,0.8,0.8,0.82,quantile,1,0,1,0,15,14,start,4,lin,0.36330902054639197,0.04409000001032837,484.5389065000054,484.5389065000054,484.5389065000054,484.5389065000054,0,0.36330902054639197,1,right,0,,,,,,,,,,,5_lx_2,2023-04-19_20h08.51.376,quest,2022.2.5,59.81855835301294,
flower,0,6,6,2,,,,,,,,,,,,,,,,,,,,,,,,,,,,,,,,,,,,,,,,,,,,,5_lx_2,2023-04-19_20h08.51.376,quest,2022.2.5,59.81855835301294,
flower,0,6,6,2,,,,,,,,,,solo,0.8,0.8,0.82,quantile,1,0,1,0,16,15,start,4,lin,0.39603630429454684,0.043279600009555,486.60568130001775,486.60568130001775,486.60568130001775,486.60568130001775,1,0.39603630429454684,-1,left,1,,,,,,,,,,,5_lx_2,2023-04-19_20h08.51.376,quest,2022.2.5,59.81855835301294,
flower,0,6,6,2,,,,,,,,,,,,,,,,,,,,,,,,,,,,,,,,,,,,,,,,,,,,,5_lx_2,2023-04-19_20h08.51.376,quest,2022.2.5,59.81855835301294,
flower,0,6,6,2,,,,,,,,,,solo,0.8,0.8,0.82,quantile,1,0,1,0,17,16,start,4,lin,0.38640265280434954,0.04434389999369159,489.0223014999938,489.0223014999938,489.0223014999938,489.0223014999938,1,0.38640265280434954,1,right,1,,,,,,,,,,,5_lx_2,2023-04-19_20h08.51.376,quest,2022.2.5,59.81855835301294,
flower,0,6,6,2,,,,,,,,,,,,,,,,,,,,,,,,,,,,,,,,,,,,,,,,,,,,,5_lx_2,2023-04-19_20h08.51.376,quest,2022.2.5,59.81855835301294,
flower,0,6,6,2,,,,,,,,,,solo,0.8,0.8,0.82,quantile,1,0,1,0,18,17,start,4,lin,0.37800050030970156,0.04973729999619536,490.78909110001405,490.78909110001405,490.78909110001405,490.78909110001405,1,0.37800050030970156,1,right,1,,,,,,,,,,,5_lx_2,2023-04-19_20h08.51.376,quest,2022.2.5,59.81855835301294,
flower,0,6,6,2,,,,,,,,,,,,,,,,,,,,,,,,,,,,,,,,,,,,,,,,,,,,,5_lx_2,2023-04-19_20h08.51.376,quest,2022.2.5,59.81855835301294,
flower,0,6,6,2,,,,,,,,,,solo,0.8,0.8,0.82,quantile,1,0,1,0,19,18,start,4,lin,0.3706151315933798,0.04367569999885745,493.4618596000073,493.4618596000073,493.4618596000073,493.4618596000073,1,0.3706151315933798,1,right,1,,,,,,,,,,,5_lx_2,2023-04-19_20h08.51.376,quest,2022.2.5,59.81855835301294,
flower,0,6,6,2,,,,,,,,,,,,,,,,,,,,,,,,,,,,,,,,,,,,,,,,,,,,,5_lx_2,2023-04-19_20h08.51.376,quest,2022.2.5,59.81855835301294,
flower,0,6,6,2,,,,,,,,,,solo,0.8,0.8,0.82,quantile,1,0,1,0,20,19,start,4,lin,0.3642292107124863,0.04232800001045689,496.31190349999815,496.31190349999815,496.31190349999815,496.31190349999815,1,0.3642292107124863,-1,left,1,,,,,,,,,,,5_lx_2,2023-04-19_20h08.51.376,quest,2022.2.5,59.81855835301294,
flower,0,6,6,2,,,,,,,,,,,,,,,,,,,,,,,,,,,,,,,,,,,,,,,,,,,,,5_lx_2,2023-04-19_20h08.51.376,quest,2022.2.5,59.81855835301294,
flower,0,6,6,2,,,,,,,,,,solo,0.8,0.8,0.82,quantile,1,0,1,0,21,20,start,4,lin,0.35842526553809523,0.04542770000989549,498.6454408999998,498.6454408999998,498.6454408999998,498.6454408999998,1,0.35842526553809523,1,right,1,,,,,,,,,,,5_lx_2,2023-04-19_20h08.51.376,quest,2022.2.5,59.81855835301294,
flower,0,6,6,2,,,,,,,,,,,,,,,,,,,,,,,,,,,,,,,,,,,,,,,,,,,,,5_lx_2,2023-04-19_20h08.51.376,quest,2022.2.5,59.81855835301294,
flower,0,6,6,2,,,,,,,,,,solo,0.8,0.8,0.82,quantile,1,0,1,0,22,21,start,4,lin,0.3534182453978996,0.042544900003122166,500.878721999994,500.878721999994,500.878721999994,500.878721999994,1,0.3534182453978996,1,right,1,,,,,,,,,,,5_lx_2,2023-04-19_20h08.51.376,quest,2022.2.5,59.81855835301294,
flower,0,6,6,2,,,,,,,,,,,,,,,,,,,,,,,,,,,,,,,,,,,,,,,,,,,,,5_lx_2,2023-04-19_20h08.51.376,quest,2022.2.5,59.81855835301294,
flower,0,6,6,2,,,,,,,,,,solo,0.8,0.8,0.82,quantile,1,0,1,0,23,22,start,4,lin,0.34881054964600416,0.04375000001164153,503.51189840000006,503.51189840000006,503.51189840000006,503.51189840000006,1,0.34881054964600416,-1,left,1,506.5218850999954,506.5218850999954,506.5218850999954,,,,,,,,5_lx_2,2023-04-19_20h08.51.376,quest,2022.2.5,59.81855835301294,
flower,0,6,6,2,,,,,,,,,,,,,,,,,,,,,,,,,,,,,,,,,,,,,,,,,,,,,5_lx_2,2023-04-19_20h08.51.376,quest,2022.2.5,59.81855835301294,
flower,0,6,6,2,,,,,,,,,,solo,0.8,0.8,0.82,quantile,1,0,1,0,24,23,start,4,lin,0.3448810185160963,0.043623500008834526,507.15573220001534,507.15573220001534,507.15573220001534,507.15573220001534,1,0.3448810185160963,1,right,1,,,,,,,,,,,5_lx_2,2023-04-19_20h08.51.376,quest,2022.2.5,59.81855835301294,
flower,0,6,6,2,,,,,,,,,,,,,,,,,,,,,,,,,,,,,,,,,,,,,,,,,,,,,5_lx_2,2023-04-19_20h08.51.376,quest,2022.2.5,59.81855835301294,
flower,0,6,6,2,,,,,,,,,,solo,0.8,0.8,0.82,quantile,1,0,1,0,25,24,start,4,lin,0.3411396186800823,0.051760500005912036,508.83914560000994,508.83914560000994,508.83914560000994,508.83914560000994,1,0.3411396186800823,-1,left,1,,,,,,,,,,,5_lx_2,2023-04-19_20h08.51.376,quest,2022.2.5,59.81855835301294,
flower,0,6,6,2,,,,,,,,,,,,,,,,,,,,,,,,,,,,,,,,,,,,,,,,,,,,,5_lx_2,2023-04-19_20h08.51.376,quest,2022.2.5,59.81855835301294,
flower,0,6,6,2,,,,,,,,,,solo,0.8,0.8,0.82,quantile,1,0,1,0,26,25,start,4,lin,0.3379329944426725,0.050169399997685105,510.63915709999856,510.63915709999856,510.63915709999856,510.63915709999856,1,0.3379329944426725,-1,left,1,,,,,,,,,,,5_lx_2,2023-04-19_20h08.51.376,quest,2022.2.5,59.81855835301294,
flower,0,6,6,2,,,,,,,,,,,,,,,,,,,,,,,,,,,,,,,,,,,,,,,,,,,,,5_lx_2,2023-04-19_20h08.51.376,quest,2022.2.5,59.81855835301294,
flower,0,6,6,2,,,,,,,,,,solo,0.8,0.8,0.82,quantile,1,0,1,0,27,26,start,4,lin,0.3350840038610344,0.043021899997256696,512.9391904000076,512.9391904000076,512.9391904000076,512.9391904000076,1,0.3350840038610344,-1,left,1,,,,,,,,,,,5_lx_2,2023-04-19_20h08.51.376,quest,2022.2.5,59.81855835301294,
flower,0,6,6,2,,,,,,,,,,,,,,,,,,,,,,,,,,,,,,,,,,,,,,,,,,,,,5_lx_2,2023-04-19_20h08.51.376,quest,2022.2.5,59.81855835301294,
flower,0,6,6,2,,,,,,,,,,solo,0.8,0.8,0.82,quantile,1,0,1,0,28,27,start,4,lin,0.33239277518111804,0.05005590000655502,515.189272699994,515.189272699994,515.189272699994,515.189272699994,1,0.33239277518111804,-1,left,1,,,,,,,,,,,5_lx_2,2023-04-19_20h08.51.376,quest,2022.2.5,59.81855835301294,
flower,0,6,6,2,,,,,,,,,,,,,,,,,,,,,,,,,,,,,,,,,,,,,,,,,,,,,5_lx_2,2023-04-19_20h08.51.376,quest,2022.2.5,59.81855835301294,
flower,0,6,6,2,,,,,,,,,,solo,0.8,0.8,0.82,quantile,1,0,1,0,29,28,start,4,lin,0.3298252331750688,0.04237700000521727,517.9621013000142,517.9621013000142,517.9621013000142,517.9621013000142,1,0.3298252331750688,1,right,1,,,,,,,,,,,5_lx_2,2023-04-19_20h08.51.376,quest,2022.2.5,59.81855835301294,
flower,0,6,6,2,,,,,,,,,,,,,,,,,,,,,,,,,,,,,,,,,,,,,,,,,,,,,5_lx_2,2023-04-19_20h08.51.376,quest,2022.2.5,59.81855835301294,
flower,0,6,6,2,,,,,,,,,,solo,0.8,0.8,0.82,quantile,1,0,1,0,30,29,start,4,lin,0.32779703771879665,0.0480315999884624,520.328723100014,520.328723100014,520.328723100014,520.328723100014,1,0.32779703771879665,1,right,1,,,,,,,,,,,5_lx_2,2023-04-19_20h08.51.376,quest,2022.2.5,59.81855835301294,
flower,0,6,6,2,,,,,,,,,,,,,,,,,,,,,,,,,,,,,,,,,,,,,,,,,,,,,5_lx_2,2023-04-19_20h08.51.376,quest,2022.2.5,59.81855835301294,
flower,0,6,6,2,,,,,,,,,,,,,,,,,,,,,,,,,,,,,,,,,,,,,,0.3185864271771705,0.03221487764951649,0.33208599367035807,,,,,5_lx_2,2023-04-19_20h08.51.376,quest,2022.2.5,59.81855835301294,
flower,0,6,6,2,,,,,,,,,,,,,,,,,,,,,,,,,,,,,,,,,,,,,,,,,,,,,5_lx_2,2023-04-19_20h08.51.376,quest,2022.2.5,59.81855835301294,
ufruit,0,7,7,7,,,,,,522.1871372000023,522.1871372000023,space,2.968680099991616,solo,0.8,0.8,0.82,quantile,1,0,1,0,1,0,start,4,lin,0.8,0.0481593000004068,525.7391717999999,525.7391717999999,525.7391717999999,525.7391717999999,1,0.8,1,right,1,,,,,,,,,,,5_lx_2,2023-04-19_20h08.51.376,quest,2022.2.5,59.81855835301294,
ufruit,0,7,7,7,,,,,,,,,,,,,,,,,,,,,,,,,,,,,,,,,,,,,,,,,,,,,5_lx_2,2023-04-19_20h08.51.376,quest,2022.2.5,59.81855835301294,
ufruit,0,7,7,7,,,,,,,,,,solo,0.8,0.8,0.82,quantile,1,0,1,0,2,1,start,4,lin,0.7711677739866264,0.04237270000157878,527.3955729000154,527.3955729000154,527.3955729000154,527.3955729000154,1,0.7711677739866264,1,right,1,,,,,,,,,,,5_lx_2,2023-04-19_20h08.51.376,quest,2022.2.5,59.81855835301294,
ufruit,0,7,7,7,,,,,,,,,,,,,,,,,,,,,,,,,,,,,,,,,,,,,,,,,,,,,5_lx_2,2023-04-19_20h08.51.376,quest,2022.2.5,59.81855835301294,
ufruit,0,7,7,7,,,,,,,,,,solo,0.8,0.8,0.82,quantile,1,0,1,0,3,2,start,4,lin,0.6892364930809887,0.042620599997462705,528.539397000015,528.539397000015,528.539397000015,528.539397000015,1,0.6892364930809887,-1,left,1,,,,,,,,,,,5_lx_2,2023-04-19_20h08.51.376,quest,2022.2.5,59.81855835301294,
ufruit,0,7,7,7,,,,,,,,,,,,,,,,,,,,,,,,,,,,,,,,,,,,,,,,,,,,,5_lx_2,2023-04-19_20h08.51.376,quest,2022.2.5,59.81855835301294,
ufruit,0,7,7,7,,,,,,,,,,solo,0.8,0.8,0.82,quantile,1,0,1,0,4,3,start,4,lin,0.6252138722597939,0.03648930002236739,529.9288716000156,529.9288716000156,529.9288716000156,529.9288716000156,1,0.6252138722597939,-1,left,1,,,,,,,,,,,5_lx_2,2023-04-19_20h08.51.376,quest,2022.2.5,59.81855835301294,
ufruit,0,7,7,7,,,,,,,,,,,,,,,,,,,,,,,,,,,,,,,,,,,,,,,,,,,,,5_lx_2,2023-04-19_20h08.51.376,quest,2022.2.5,59.81855835301294,
ufruit,0,7,7,7,,,,,,,,,,solo,0.8,0.8,0.82,quantile,1,0,1,0,5,4,start,4,lin,0.5740588781600403,0.042528799996944144,531.2056938000023,531.2056938000023,531.2056938000023,531.2056938000023,1,0.5740588781600403,-1,left,1,,,,,,,,,,,5_lx_2,2023-04-19_20h08.51.376,quest,2022.2.5,59.81855835301294,
ufruit,0,7,7,7,,,,,,,,,,,,,,,,,,,,,,,,,,,,,,,,,,,,,,,,,,,,,5_lx_2,2023-04-19_20h08.51.376,quest,2022.2.5,59.81855835301294,
ufruit,0,7,7,7,,,,,,,,,,solo,0.8,0.8,0.82,quantile,1,0,1,0,6,5,start,4,lin,0.5312315311569114,0.0380445999908261,532.4454907000181,532.4454907000181,532.4454907000181,532.4454907000181,1,0.5312315311569114,-1,left,1,,,,,,,,,,,5_lx_2,2023-04-19_20h08.51.376,quest,2022.2.5,59.81855835301294,
ufruit,0,7,7,7,,,,,,,,,,,,,,,,,,,,,,,,,,,,,,,,,,,,,,,,,,,,,5_lx_2,2023-04-19_20h08.51.376,quest,2022.2.5,59.81855835301294,
ufruit,0,7,7,7,,,,,,,,,,solo,0.8,0.8,0.82,quantile,1,0,1,0,7,6,start,4,lin,0.49592477917827904,0.0355031999933999,533.8892652000068,533.8892652000068,533.8892652000068,533.8892652000068,1,0.49592477917827904,1,right,1,,,,,,,,,,,5_lx_2,2023-04-19_20h08.51.376,quest,2022.2.5,59.81855835301294,
ufruit,0,7,7,7,,,,,,,,,,,,,,,,,,,,,,,,,,,,,,,,,,,,,,,,,,,,,5_lx_2,2023-04-19_20h08.51.376,quest,2022.2.5,59.81855835301294,
ufruit,0,7,7,7,,,,,,,,,,solo,0.8,0.8,0.82,quantile,1,0,1,0,8,7,start,4,lin,0.46698116941993095,0.0420849000220187,535.5727110000153,535.5727110000153,535.5727110000153,535.5727110000153,1,0.46698116941993095,-1,left,1,,,,,,,,,,,5_lx_2,2023-04-19_20h08.51.376,quest,2022.2.5,59.81855835301294,
ufruit,0,7,7,7,,,,,,,,,,,,,,,,,,,,,,,,,,,,,,,,,,,,,,,,,,,,,5_lx_2,2023-04-19_20h08.51.376,quest,2022.2.5,59.81855835301294,
ufruit,0,7,7,7,,,,,,,,,,solo,0.8,0.8,0.82,quantile,1,0,1,0,9,8,start,4,lin,0.4430068457305388,0.03509970000595786,537.162264100014,537.162264100014,537.162264100014,537.162264100014,1,0.4430068457305388,1,right,1,,,,,,,,,,,5_lx_2,2023-04-19_20h08.51.376,quest,2022.2.5,59.81855835301294,
ufruit,0,7,7,7,,,,,,,,,,,,,,,,,,,,,,,,,,,,,,,,,,,,,,,,,,,,,5_lx_2,2023-04-19_20h08.51.376,quest,2022.2.5,59.81855835301294,
ufruit,0,7,7,7,,,,,,,,,,solo,0.8,0.8,0.82,quantile,1,0,1,0,10,9,start,4,lin,0.42295195219009735,0.038013000012142584,538.7893900999916,538.7893900999916,538.7893900999916,538.7893900999916,1,0.42295195219009735,-1,left,1,,,,,,,,,,,5_lx_2,2023-04-19_20h08.51.376,quest,2022.2.5,59.81855835301294,
ufruit,0,7,7,7,,,,,,,,,,,,,,,,,,,,,,,,,,,,,,,,,,,,,,,,,,,,,5_lx_2,2023-04-19_20h08.51.376,quest,2022.2.5,59.81855835301294,
ufruit,0,7,7,7,,,,,,,,,,solo,0.8,0.8,0.82,quantile,1,0,1,0,11,10,start,4,lin,0.4063189003109283,0.042133200011448935,540.3060372000036,540.3060372000036,540.3060372000036,540.3060372000036,1,0.4063189003109283,-1,left,1,,,,,,,,,,,5_lx_2,2023-04-19_20h08.51.376,quest,2022.2.5,59.81855835301294,
ufruit,0,7,7,7,,,,,,,,,,,,,,,,,,,,,,,,,,,,,,,,,,,,,,,,,,,,,5_lx_2,2023-04-19_20h08.51.376,quest,2022.2.5,59.81855835301294,
ufruit,0,7,7,7,,,,,,,,,,solo,0.8,0.8,0.82,quantile,1,0,1,0,12,11,start,4,lin,0.39260237199069375,0.036200599977746606,542.9560115000058,542.9560115000058,542.9560115000058,542.9560115000058,0,0.39260237199069375,1,right,0,545.9584757999983,545.9584757999983,545.9584757999983,,,,,,,,5_lx_2,2023-04-19_20h08.51.376,quest,2022.2.5,59.81855835301294,
ufruit,0,7,7,7,,,,,,,,,,,,,,,,,,,,,,,,,,,,,,,,,,,,,,,,,,,,,5_lx_2,2023-04-19_20h08.51.376,quest,2022.2.5,59.81855835301294,
ufruit,0,7,7,7,,,,,,,,,,solo,0.8,0.8,0.82,quantile,1,0,1,0,13,12,start,4,lin,0.4464276684957066,0.042066499998327345,546.556058200018,546.556058200018,546.556058200018,546.556058200018,1,0.4464276684957066,-1,left,1,,,,,,,,,,,5_lx_2,2023-04-19_20h08.51.376,quest,2022.2.5,59.81855835301294,
ufruit,0,7,7,7,,,,,,,,,,,,,,,,,,,,,,,,,,,,,,,,,,,,,,,,,,,,,5_lx_2,2023-04-19_20h08.51.376,quest,2022.2.5,59.81855835301294,
ufruit,0,7,7,7,,,,,,,,,,solo,0.8,0.8,0.82,quantile,1,0,1,0,14,13,start,4,lin,0.43158168061339486,0.035415399994235486,548.045704899996,548.045704899996,548.045704899996,548.045704899996,1,0.43158168061339486,-1,left,1,,,,,,,,,,,5_lx_2,2023-04-19_20h08.51.376,quest,2022.2.5,59.81855835301294,
ufruit,0,7,7,7,,,,,,,,,,,,,,,,,,,,,,,,,,,,,,,,,,,,,,,,,,,,,5_lx_2,2023-04-19_20h08.51.376,quest,2022.2.5,59.81855835301294,
ufruit,0,7,7,7,,,,,,,,,,solo,0.8,0.8,0.82,quantile,1,0,1,0,15,14,start,4,lin,0.4186787813259835,0.03585620000376366,550.2956883000152,550.2956883000152,550.2956883000152,550.2956883000152,1,0.4186787813259835,-1,left,1,,,,,,,,,,,5_lx_2,2023-04-19_20h08.51.376,quest,2022.2.5,59.81855835301294,
ufruit,0,7,7,7,,,,,,,,,,,,,,,,,,,,,,,,,,,,,,,,,,,,,,,,,,,,,5_lx_2,2023-04-19_20h08.51.376,quest,2022.2.5,59.81855835301294,
ufruit,0,7,7,7,,,,,,,,,,solo,0.8,0.8,0.82,quantile,1,0,1,0,16,15,start,4,lin,0.4075150258315931,0.03564290000940673,552.7957845999917,552.7957845999917,552.7957845999917,552.7957845999917,1,0.4075150258315931,-1,left,1,,,,,,,,,,,5_lx_2,2023-04-19_20h08.51.376,quest,2022.2.5,59.81855835301294,
ufruit,0,7,7,7,,,,,,,,,,,,,,,,,,,,,,,,,,,,,,,,,,,,,,,,,,,,,5_lx_2,2023-04-19_20h08.51.376,quest,2022.2.5,59.81855835301294,
ufruit,0,7,7,7,,,,,,,,,,solo,0.8,0.8,0.82,quantile,1,0,1,0,17,16,start,4,lin,0.39770881823331194,0.03567740001017228,555.145655100001,555.145655100001,555.145655100001,555.145655100001,1,0.39770881823331194,-1,left,1,,,,,,,,,,,5_lx_2,2023-04-19_20h08.51.376,quest,2022.2.5,59.81855835301294,
ufruit,0,7,7,7,,,,,,,,,,,,,,,,,,,,,,,,,,,,,,,,,,,,,,,,,,,,,5_lx_2,2023-04-19_20h08.51.376,quest,2022.2.5,59.81855835301294,
ufruit,0,7,7,7,,,,,,,,,,solo,0.8,0.8,0.82,quantile,1,0,1,0,18,17,start,4,lin,0.3890082888059751,0.03688619998865761,557.0228497000062,557.0228497000062,557.0228497000062,557.0228497000062,0,0.3890082888059751,1,right,0,,,,,,,,,,,5_lx_2,2023-04-19_20h08.51.376,quest,2022.2.5,59.81855835301294,
ufruit,0,7,7,7,,,,,,,,,,,,,,,,,,,,,,,,,,,,,,,,,,,,,,,,,,,,,5_lx_2,2023-04-19_20h08.51.376,quest,2022.2.5,59.81855835301294,
ufruit,0,7,7,7,,,,,,,,,,solo,0.8,0.8,0.82,quantile,1,0,1,0,19,18,start,4,lin,0.425343995300199,0.037593599990941584,559.8458935999952,559.8458935999952,559.8458935999952,559.8458935999952,1,0.425343995300199,-1,left,1,,,,,,,,,,,5_lx_2,2023-04-19_20h08.51.376,quest,2022.2.5,59.81855835301294,
ufruit,0,7,7,7,,,,,,,,,,,,,,,,,,,,,,,,,,,,,,,,,,,,,,,,,,,,,5_lx_2,2023-04-19_20h08.51.376,quest,2022.2.5,59.81855835301294,
ufruit,0,7,7,7,,,,,,,,,,solo,0.8,0.8,0.82,quantile,1,0,1,0,20,19,start,4,lin,0.41618372120779096,0.03712770002312027,561.9393906999903,561.9393906999903,561.9393906999903,561.9393906999903,1,0.41618372120779096,-1,left,1,,,,,,,,,,,5_lx_2,2023-04-19_20h08.51.376,quest,2022.2.5,59.81855835301294,
ufruit,0,7,7,7,,,,,,,,,,,,,,,,,,,,,,,,,,,,,,,,,,,,,,,,,,,,,5_lx_2,2023-04-19_20h08.51.376,quest,2022.2.5,59.81855835301294,
ufruit,0,7,7,7,,,,,,,,,,solo,0.8,0.8,0.82,quantile,1,0,1,0,21,20,start,4,lin,0.4079213060813389,0.03560200001811609,563.7228918999899,563.7228918999899,563.7228918999899,563.7228918999899,1,0.4079213060813389,1,right,1,566.722596800013,566.722596800013,566.722596800013,,,,,,,,5_lx_2,2023-04-19_20h08.51.376,quest,2022.2.5,59.81855835301294,
ufruit,0,7,7,7,,,,,,,,,,,,,,,,,,,,,,,,,,,,,,,,,,,,,,,,,,,,,5_lx_2,2023-04-19_20h08.51.376,quest,2022.2.5,59.81855835301294,
ufruit,0,7,7,7,,,,,,,,,,solo,0.8,0.8,0.82,quantile,1,0,1,0,22,21,start,4,lin,0.4003950373647249,0.04115499998442829,568.5792451000016,568.5792451000016,568.5792451000016,568.5792451000016,1,0.4003950373647249,1,right,1,571.5902702000167,571.5902702000167,571.5902702000167,,,,,,,,5_lx_2,2023-04-19_20h08.51.376,quest,2022.2.5,59.81855835301294,
ufruit,0,7,7,7,,,,,,,,,,,,,,,,,,,,,,,,,,,,,,,,,,,,,,,,,,,,,5_lx_2,2023-04-19_20h08.51.376,quest,2022.2.5,59.81855835301294,
ufruit,0,7,7,7,,,,,,,,,,solo,0.8,0.8,0.82,quantile,1,0,1,0,23,22,start,4,lin,0.393610023825431,0.03628630001912825,572.756062600005,572.756062600005,572.756062600005,572.756062600005,1,0.393610023825431,-1,left,1,575.7580794999958,575.7580794999958,575.7580794999958,,,,,,,,5_lx_2,2023-04-19_20h08.51.376,quest,2022.2.5,59.81855835301294,
ufruit,0,7,7,7,,,,,,,,,,,,,,,,,,,,,,,,,,,,,,,,,,,,,,,,,,,,,5_lx_2,2023-04-19_20h08.51.376,quest,2022.2.5,59.81855835301294,
ufruit,0,7,7,7,,,,,,,,,,solo,0.8,0.8,0.82,quantile,1,0,1,0,24,23,start,4,lin,0.38727664336363443,0.03582180000375956,576.5895836999989,576.5895836999989,576.5895836999989,576.5895836999989,1,0.38727664336363443,1,right,1,,,,,,,,,,,5_lx_2,2023-04-19_20h08.51.376,quest,2022.2.5,59.81855835301294,
ufruit,0,7,7,7,,,,,,,,,,,,,,,,,,,,,,,,,,,,,,,,,,,,,,,,,,,,,5_lx_2,2023-04-19_20h08.51.376,quest,2022.2.5,59.81855835301294,
ufruit,0,7,7,7,,,,,,,,,,solo,0.8,0.8,0.82,quantile,1,0,1,0,25,24,start,4,lin,0.3815004899345508,0.037977400003001094,579.3626201000006,579.3626201000006,579.3626201000006,579.3626201000006,1,0.3815004899345508,-1,left,1,,,,,,,,,,,5_lx_2,2023-04-19_20h08.51.376,quest,2022.2.5,59.81855835301294,
ufruit,0,7,7,7,,,,,,,,,,,,,,,,,,,,,,,,,,,,,,,,,,,,,,,,,,,,,5_lx_2,2023-04-19_20h08.51.376,quest,2022.2.5,59.81855835301294,
ufruit,0,7,7,7,,,,,,,,,,solo,0.8,0.8,0.82,quantile,1,0,1,0,26,25,start,4,lin,0.3761898074751668,0.03792319999774918,582.1125376000127,582.1125376000127,582.1125376000127,582.1125376000127,0,0.3761898074751668,1,right,0,585.1224988000176,585.1224988000176,585.1224988000176,,,,,,,,5_lx_2,2023-04-19_20h08.51.376,quest,2022.2.5,59.81855835301294,
ufruit,0,7,7,7,,,,,,,,,,,,,,,,,,,,,,,,,,,,,,,,,,,,,,,,,,,,,5_lx_2,2023-04-19_20h08.51.376,quest,2022.2.5,59.81855835301294,
ufruit,0,7,7,7,,,,,,,,,,solo,0.8,0.8,0.82,quantile,1,0,1,0,27,26,start,4,lin,0.3994822584564306,0.03697889999602921,586.845976600016,586.845976600016,586.845976600016,586.845976600016,1,0.3994822584564306,1,right,1,,,,,,,,,,,5_lx_2,2023-04-19_20h08.51.376,quest,2022.2.5,59.81855835301294,
ufruit,0,7,7,7,,,,,,,,,,,,,,,,,,,,,,,,,,,,,,,,,,,,,,,,,,,,,5_lx_2,2023-04-19_20h08.51.376,quest,2022.2.5,59.81855835301294,
ufruit,0,7,7,7,,,,,,,,,,solo,0.8,0.8,0.82,quantile,1,0,1,0,28,27,start,4,lin,0.39394501032862433,0.03667529998347163,589.1458650999994,589.1458650999994,589.1458650999994,589.1458650999994,1,0.39394501032862433,-1,left,1,,,,,,,,,,,5_lx_2,2023-04-19_20h08.51.376,quest,2022.2.5,59.81855835301294,
ufruit,0,7,7,7,,,,,,,,,,,,,,,,,,,,,,,,,,,,,,,,,,,,,,,,,,,,,5_lx_2,2023-04-19_20h08.51.376,quest,2022.2.5,59.81855835301294,
ufruit,0,7,7,7,,,,,,,,,,solo,0.8,0.8,0.82,quantile,1,0,1,0,29,28,start,4,lin,0.388625862912509,0.03575559999444522,590.6063388999901,590.6063388999901,590.6063388999901,590.6063388999901,1,0.388625862912509,1,right,1,,,,,,,,,,,5_lx_2,2023-04-19_20h08.51.376,quest,2022.2.5,59.81855835301294,
ufruit,0,7,7,7,,,,,,,,,,,,,,,,,,,,,,,,,,,,,,,,,,,,,,,,,,,,,5_lx_2,2023-04-19_20h08.51.376,quest,2022.2.5,59.81855835301294,
ufruit,0,7,7,7,,,,,,,,,,solo,0.8,0.8,0.82,quantile,1,0,1,0,30,29,start,4,lin,0.3837992786150621,0.04200990000390448,592.4730753999902,592.4730753999902,592.4730753999902,592.4730753999902,1,0.3837992786150621,-1,left,1,,,,,,,,,,,5_lx_2,2023-04-19_20h08.51.376,quest,2022.2.5,59.81855835301294,
ufruit,0,7,7,7,,,,,,,,,,,,,,,,,,,,,,,,,,,,,,,,,,,,,,,,,,,,,5_lx_2,2023-04-19_20h08.51.376,quest,2022.2.5,59.81855835301294,
ufruit,0,7,7,7,,,,,,,,,,,,,,,,,,,,,,,,,,,,,,,,,,,,,,0.36778020154198343,0.0499702733939672,0.3788363111106334,,,,,5_lx_2,2023-04-19_20h08.51.376,quest,2022.2.5,59.81855835301294,
ufruit,0,7,7,7,,,,,,,,,,,,,,,,,,,,,,,,,,,,,,,,,,,,,,,,,,,,,5_lx_2,2023-04-19_20h08.51.376,quest,2022.2.5,59.81855835301294,
ulandscape,0,8,8,9,,,,,,593.5542056999984,593.5542056999984,space,2.0657602999999654,solo,0.8,0.8,0.82,quantile,1,0,1,0,1,0,start,4,lin,0.8,0.06903850001981482,596.2064361000084,596.2064361000084,596.2064361000084,596.2064361000084,1,0.8,-1,left,1,,,,,,,,,,,5_lx_2,2023-04-19_20h08.51.376,quest,2022.2.5,59.81855835301294,
ulandscape,0,8,8,9,,,,,,,,,,,,,,,,,,,,,,,,,,,,,,,,,,,,,,,,,,,,,5_lx_2,2023-04-19_20h08.51.376,quest,2022.2.5,59.81855835301294,
ulandscape,0,8,8,9,,,,,,,,,,solo,0.8,0.8,0.82,quantile,1,0,1,0,2,1,start,4,lin,0.7711677739866264,0.038012600009096786,597.3730820000055,597.3730820000055,597.3730820000055,597.3730820000055,1,0.7711677739866264,1,right,1,,,,,,,,,,,5_lx_2,2023-04-19_20h08.51.376,quest,2022.2.5,59.81855835301294,
ulandscape,0,8,8,9,,,,,,,,,,,,,,,,,,,,,,,,,,,,,,,,,,,,,,,,,,,,,5_lx_2,2023-04-19_20h08.51.376,quest,2022.2.5,59.81855835301294,
ulandscape,0,8,8,9,,,,,,,,,,solo,0.8,0.8,0.82,quantile,1,0,1,0,3,2,start,4,lin,0.6892364930809887,0.04518590000225231,598.5563125000044,598.5563125000044,598.5563125000044,598.5563125000044,1,0.6892364930809887,1,right,1,,,,,,,,,,,5_lx_2,2023-04-19_20h08.51.376,quest,2022.2.5,59.81855835301294,
ulandscape,0,8,8,9,,,,,,,,,,,,,,,,,,,,,,,,,,,,,,,,,,,,,,,,,,,,,5_lx_2,2023-04-19_20h08.51.376,quest,2022.2.5,59.81855835301294,
ulandscape,0,8,8,9,,,,,,,,,,solo,0.8,0.8,0.82,quantile,1,0,1,0,4,3,start,4,lin,0.6252138722597939,0.03841369997826405,599.712525400013,599.712525400013,599.712525400013,599.712525400013,1,0.6252138722597939,1,right,1,,,,,,,,,,,5_lx_2,2023-04-19_20h08.51.376,quest,2022.2.5,59.81855835301294,
ulandscape,0,8,8,9,,,,,,,,,,,,,,,,,,,,,,,,,,,,,,,,,,,,,,,,,,,,,5_lx_2,2023-04-19_20h08.51.376,quest,2022.2.5,59.81855835301294,
ulandscape,0,8,8,9,,,,,,,,,,solo,0.8,0.8,0.82,quantile,1,0,1,0,5,4,start,4,lin,0.5740588781600403,0.04506919998675585,600.8395545000094,600.8395545000094,600.8395545000094,600.8395545000094,1,0.5740588781600403,1,right,1,,,,,,,,,,,5_lx_2,2023-04-19_20h08.51.376,quest,2022.2.5,59.81855835301294,
ulandscape,0,8,8,9,,,,,,,,,,,,,,,,,,,,,,,,,,,,,,,,,,,,,,,,,,,,,5_lx_2,2023-04-19_20h08.51.376,quest,2022.2.5,59.81855835301294,
ulandscape,0,8,8,9,,,,,,,,,,solo,0.8,0.8,0.82,quantile,1,0,1,0,6,5,start,4,lin,0.5312315311569114,0.04499729999224655,602.3956266000168,602.3956266000168,602.3956266000168,602.3956266000168,1,0.5312315311569114,1,right,1,605.4057233000058,605.4057233000058,605.4057233000058,,,,,,,,5_lx_2,2023-04-19_20h08.51.376,quest,2022.2.5,59.81855835301294,
ulandscape,0,8,8,9,,,,,,,,,,,,,,,,,,,,,,,,,,,,,,,,,,,,,,,,,,,,,5_lx_2,2023-04-19_20h08.51.376,quest,2022.2.5,59.81855835301294,
ulandscape,0,8,8,9,,,,,,,,,,solo,0.8,0.8,0.82,quantile,1,0,1,0,7,6,start,4,lin,0.49592477917827904,0.04593100000056438,606.323201399995,606.323201399995,606.323201399995,606.323201399995,1,0.49592477917827904,-1,left,1,,,,,,,,,,,5_lx_2,2023-04-19_20h08.51.376,quest,2022.2.5,59.81855835301294,
ulandscape,0,8,8,9,,,,,,,,,,,,,,,,,,,,,,,,,,,,,,,,,,,,,,,,,,,,,5_lx_2,2023-04-19_20h08.51.376,quest,2022.2.5,59.81855835301294,
ulandscape,0,8,8,9,,,,,,,,,,solo,0.8,0.8,0.82,quantile,1,0,1,0,8,7,start,4,lin,0.46698116941993095,0.039289500011364,608.0730172999902,608.0730172999902,608.0730172999902,608.0730172999902,1,0.46698116941993095,-1,left,1,,,,,,,,,,,5_lx_2,2023-04-19_20h08.51.376,quest,2022.2.5,59.81855835301294,
ulandscape,0,8,8,9,,,,,,,,,,,,,,,,,,,,,,,,,,,,,,,,,,,,,,,,,,,,,5_lx_2,2023-04-19_20h08.51.376,quest,2022.2.5,59.81855835301294,
ulandscape,0,8,8,9,,,,,,,,,,solo,0.8,0.8,0.82,quantile,1,0,1,0,9,8,start,4,lin,0.4430068457305388,0.040572900004917756,609.2457247000129,609.2457247000129,609.2457247000129,609.2457247000129,1,0.4430068457305388,-1,left,1,,,,,,,,,,,5_lx_2,2023-04-19_20h08.51.376,quest,2022.2.5,59.81855835301294,
ulandscape,0,8,8,9,,,,,,,,,,,,,,,,,,,,,,,,,,,,,,,,,,,,,,,,,,,,,5_lx_2,2023-04-19_20h08.51.376,quest,2022.2.5,59.81855835301294,
ulandscape,0,8,8,9,,,,,,,,,,solo,0.8,0.8,0.82,quantile,1,0,1,0,10,9,start,4,lin,0.42295195219009735,0.03855409999960102,611.3231853000179,611.3231853000179,611.3231853000179,611.3231853000179,0,0.42295195219009735,-1,left,0,614.3229062000173,614.3229062000173,614.3229062000173,,,,,,,,5_lx_2,2023-04-19_20h08.51.376,quest,2022.2.5,59.81855835301294,
ulandscape,0,8,8,9,,,,,,,,,,,,,,,,,,,,,,,,,,,,,,,,,,,,,,,,,,,,,5_lx_2,2023-04-19_20h08.51.376,quest,2022.2.5,59.81855835301294,
ulandscape,0,8,8,9,,,,,,,,,,solo,0.8,0.8,0.82,quantile,1,0,1,0,11,10,start,4,lin,0.4983963213553236,0.04553459997987375,615.5064315999916,615.5064315999916,615.5064315999916,615.5064315999916,1,0.4983963213553236,-1,left,1,,,,,,,,,,,5_lx_2,2023-04-19_20h08.51.376,quest,2022.2.5,59.81855835301294,
ulandscape,0,8,8,9,,,,,,,,,,,,,,,,,,,,,,,,,,,,,,,,,,,,,,,,,,,,,5_lx_2,2023-04-19_20h08.51.376,quest,2022.2.5,59.81855835301294,
ulandscape,0,8,8,9,,,,,,,,,,solo,0.8,0.8,0.82,quantile,1,0,1,0,12,11,start,4,lin,0.47888847285771313,0.040921299980254844,618.2125597000122,618.2125597000122,618.2125597000122,618.2125597000122,1,0.47888847285771313,-1,left,1,,,,,,,,,,,5_lx_2,2023-04-19_20h08.51.376,quest,2022.2.5,59.81855835301294,
ulandscape,0,8,8,9,,,,,,,,,,,,,,,,,,,,,,,,,,,,,,,,,,,,,,,,,,,,,5_lx_2,2023-04-19_20h08.51.376,quest,2022.2.5,59.81855835301294,
ulandscape,0,8,8,9,,,,,,,,,,solo,0.8,0.8,0.82,quantile,1,0,1,0,13,12,start,4,lin,0.4622975563583374,0.04185989999677986,619.9066841000167,619.9066841000167,619.9066841000167,619.9066841000167,1,0.4622975563583374,-1,left,1,,,,,,,,,,,5_lx_2,2023-04-19_20h08.51.376,quest,2022.2.5,59.81855835301294,
ulandscape,0,8,8,9,,,,,,,,,,,,,,,,,,,,,,,,,,,,,,,,,,,,,,,,,,,,,5_lx_2,2023-04-19_20h08.51.376,quest,2022.2.5,59.81855835301294,
ulandscape,0,8,8,9,,,,,,,,,,solo,0.8,0.8,0.82,quantile,1,0,1,0,14,13,start,4,lin,0.44782519495946943,0.0458546000008937,621.5397314000002,621.5397314000002,621.5397314000002,621.5397314000002,1,0.44782519495946943,1,right,1,,,,,,,,,,,5_lx_2,2023-04-19_20h08.51.376,quest,2022.2.5,59.81855835301294,
ulandscape,0,8,8,9,,,,,,,,,,,,,,,,,,,,,,,,,,,,,,,,,,,,,,,,,,,,,5_lx_2,2023-04-19_20h08.51.376,quest,2022.2.5,59.81855835301294,
ulandscape,0,8,8,9,,,,,,,,,,solo,0.8,0.8,0.82,quantile,1,0,1,0,15,14,start,4,lin,0.4352560946395821,0.038472000014735386,623.206493500009,623.206493500009,623.206493500009,623.206493500009,1,0.4352560946395821,1,right,1,,,,,,,,,,,5_lx_2,2023-04-19_20h08.51.376,quest,2022.2.5,59.81855835301294,
ulandscape,0,8,8,9,,,,,,,,,,,,,,,,,,,,,,,,,,,,,,,,,,,,,,,,,,,,,5_lx_2,2023-04-19_20h08.51.376,quest,2022.2.5,59.81855835301294,
ulandscape,0,8,8,9,,,,,,,,,,solo,0.8,0.8,0.82,quantile,1,0,1,0,16,15,start,4,lin,0.4241577070261589,0.0387983999971766,624.406470499991,624.406470499991,624.406470499991,624.406470499991,1,0.4241577070261589,-1,left,1,,,,,,,,,,,5_lx_2,2023-04-19_20h08.51.376,quest,2022.2.5,59.81855835301294,
ulandscape,0,8,8,9,,,,,,,,,,,,,,,,,,,,,,,,,,,,,,,,,,,,,,,,,,,,,5_lx_2,2023-04-19_20h08.51.376,quest,2022.2.5,59.81855835301294,
ulandscape,0,8,8,9,,,,,,,,,,solo,0.8,0.8,0.82,quantile,1,0,1,0,17,16,start,4,lin,0.4140730524104648,0.045370400010142475,625.8897864000173,625.8897864000173,625.8897864000173,625.8897864000173,1,0.4140730524104648,-1,left,1,,,,,,,,,,,5_lx_2,2023-04-19_20h08.51.376,quest,2022.2.5,59.81855835301294,
ulandscape,0,8,8,9,,,,,,,,,,,,,,,,,,,,,,,,,,,,,,,,,,,,,,,,,,,,,5_lx_2,2023-04-19_20h08.51.376,quest,2022.2.5,59.81855835301294,
ulandscape,0,8,8,9,,,,,,,,,,solo,0.8,0.8,0.82,quantile,1,0,1,0,18,17,start,4,lin,0.4049812771327852,0.040429200016660616,627.0625461000018,627.0625461000018,627.0625461000018,627.0625461000018,1,0.4049812771327852,-1,left,1,,,,,,,,,,,5_lx_2,2023-04-19_20h08.51.376,quest,2022.2.5,59.81855835301294,
ulandscape,0,8,8,9,,,,,,,,,,,,,,,,,,,,,,,,,,,,,,,,,,,,,,,,,,,,,5_lx_2,2023-04-19_20h08.51.376,quest,2022.2.5,59.81855835301294,
ulandscape,0,8,8,9,,,,,,,,,,solo,0.8,0.8,0.82,quantile,1,0,1,0,19,18,start,4,lin,0.3967160077653875,0.03901629999745637,629.9399993999978,629.9399993999978,629.9399993999978,629.9399993999978,1,0.3967160077653875,1,right,1,,,,,,,,,,,5_lx_2,2023-04-19_20h08.51.376,quest,2022.2.5,59.81855835301294,
ulandscape,0,8,8,9,,,,,,,,,,,,,,,,,,,,,,,,,,,,,,,,,,,,,,,,,,,,,5_lx_2,2023-04-19_20h08.51.376,quest,2022.2.5,59.81855835301294,
ulandscape,0,8,8,9,,,,,,,,,,solo,0.8,0.8,0.82,quantile,1,0,1,0,20,19,start,4,lin,0.3892572270799889,0.03882049999083392,631.5459032999934,631.5459032999934,631.5459032999934,631.5459032999934,1,0.3892572270799889,1,right,1,,,,,,,,,,,5_lx_2,2023-04-19_20h08.51.376,quest,2022.2.5,59.81855835301294,
ulandscape,0,8,8,9,,,,,,,,,,,,,,,,,,,,,,,,,,,,,,,,,,,,,,,,,,,,,5_lx_2,2023-04-19_20h08.51.376,quest,2022.2.5,59.81855835301294,
ulandscape,0,8,8,9,,,,,,,,,,solo,0.8,0.8,0.82,quantile,1,0,1,0,21,20,start,4,lin,0.3825209626930158,0.03989469999214634,633.323335299996,633.323335299996,633.323335299996,633.323335299996,1,0.3825209626930158,1,right,1,,,,,,,,,,,5_lx_2,2023-04-19_20h08.51.376,quest,2022.2.5,59.81855835301294,
ulandscape,0,8,8,9,,,,,,,,,,,,,,,,,,,,,,,,,,,,,,,,,,,,,,,,,,,,,5_lx_2,2023-04-19_20h08.51.376,quest,2022.2.5,59.81855835301294,
ulandscape,0,8,8,9,,,,,,,,,,solo,0.8,0.8,0.82,quantile,1,0,1,0,22,21,start,4,lin,0.3763027099515406,0.0389288000005763,636.2294156000135,636.2294156000135,636.2294156000135,636.2294156000135,1,0.3763027099515406,-1,left,1,,,,,,,,,,,5_lx_2,2023-04-19_20h08.51.376,quest,2022.2.5,59.81855835301294,
ulandscape,0,8,8,9,,,,,,,,,,,,,,,,,,,,,,,,,,,,,,,,,,,,,,,,,,,,,5_lx_2,2023-04-19_20h08.51.376,quest,2022.2.5,59.81855835301294,
ulandscape,0,8,8,9,,,,,,,,,,solo,0.8,0.8,0.82,quantile,1,0,1,0,23,22,start,4,lin,0.37058086529527756,0.03870110001298599,638.4402234000154,638.4402234000154,638.4402234000154,638.4402234000154,0,0.37058086529527756,-1,left,0,,,,,,,,,,,5_lx_2,2023-04-19_20h08.51.376,quest,2022.2.5,59.81855835301294,
ulandscape,0,8,8,9,,,,,,,,,,,,,,,,,,,,,,,,,,,,,,,,,,,,,,,,,,,,,5_lx_2,2023-04-19_20h08.51.376,quest,2022.2.5,59.81855835301294,
ulandscape,0,8,8,9,,,,,,,,,,solo,0.8,0.8,0.82,quantile,1,0,1,0,24,23,start,4,lin,0.3945595992406941,0.03840339998714626,641.6566394999973,641.6566394999973,641.6566394999973,641.6566394999973,1,0.3945595992406941,1,right,1,,,,,,,,,,,5_lx_2,2023-04-19_20h08.51.376,quest,2022.2.5,59.81855835301294,
ulandscape,0,8,8,9,,,,,,,,,,,,,,,,,,,,,,,,,,,,,,,,,,,,,,,,,,,,,5_lx_2,2023-04-19_20h08.51.376,quest,2022.2.5,59.81855835301294,
ulandscape,0,8,8,9,,,,,,,,,,solo,0.8,0.8,0.82,quantile,1,0,1,0,25,24,start,4,lin,0.3884306253399566,0.03900620000786148,644.4400896000152,644.4400896000152,644.4400896000152,644.4400896000152,1,0.3884306253399566,-1,left,1,647.4398135000083,647.4398135000083,647.4398135000083,,,,,,,,5_lx_2,2023-04-19_20h08.51.376,quest,2022.2.5,59.81855835301294,
ulandscape,0,8,8,9,,,,,,,,,,,,,,,,,,,,,,,,,,,,,,,,,,,,,,,,,,,,,5_lx_2,2023-04-19_20h08.51.376,quest,2022.2.5,59.81855835301294,
ulandscape,0,8,8,9,,,,,,,,,,solo,0.8,0.8,0.82,quantile,1,0,1,0,26,25,start,4,lin,0.38287542343104775,0.0464804999937769,648.1899636000162,648.1899636000162,648.1899636000162,648.1899636000162,1,0.38287542343104775,1,right,1,,,,,,,,,,,5_lx_2,2023-04-19_20h08.51.376,quest,2022.2.5,59.81855835301294,
ulandscape,0,8,8,9,,,,,,,,,,,,,,,,,,,,,,,,,,,,,,,,,,,,,,,,,,,,,5_lx_2,2023-04-19_20h08.51.376,quest,2022.2.5,59.81855835301294,
ulandscape,0,8,8,9,,,,,,,,,,solo,0.8,0.8,0.82,quantile,1,0,1,0,27,26,start,4,lin,0.3776241086359446,0.04522490000817925,650.190024600015,650.190024600015,650.190024600015,650.190024600015,1,0.3776241086359446,1,right,1,,,,,,,,,,,5_lx_2,2023-04-19_20h08.51.376,quest,2022.2.5,59.81855835301294,
ulandscape,0,8,8,9,,,,,,,,,,,,,,,,,,,,,,,,,,,,,,,,,,,,,,,,,,,,,5_lx_2,2023-04-19_20h08.51.376,quest,2022.2.5,59.81855835301294,
ulandscape,0,8,8,9,,,,,,,,,,solo,0.8,0.8,0.82,quantile,1,0,1,0,28,27,start,4,lin,0.37280462498857236,0.03915879997657612,652.356743500015,652.356743500015,652.356743500015,652.356743500015,0,0.37280462498857236,-1,left,0,,,,,,,,,,,5_lx_2,2023-04-19_20h08.51.376,quest,2022.2.5,59.81855835301294,
ulandscape,0,8,8,9,,,,,,,,,,,,,,,,,,,,,,,,,,,,,,,,,,,,,,,,,,,,,5_lx_2,2023-04-19_20h08.51.376,quest,2022.2.5,59.81855835301294,
ulandscape,0,8,8,9,,,,,,,,,,solo,0.8,0.8,0.82,quantile,1,0,1,0,29,28,start,4,lin,0.3930678548457883,0.04061189998174086,655.1462403000041,655.1462403000041,655.1462403000041,655.1462403000041,1,0.3930678548457883,-1,left,1,658.1561219000141,658.1561219000141,658.1561219000141,,,,,,,,5_lx_2,2023-04-19_20h08.51.376,quest,2022.2.5,59.81855835301294,
ulandscape,0,8,8,9,,,,,,,,,,,,,,,,,,,,,,,,,,,,,,,,,,,,,,,,,,,,,5_lx_2,2023-04-19_20h08.51.376,quest,2022.2.5,59.81855835301294,
ulandscape,0,8,8,9,,,,,,,,,,solo,0.8,0.8,0.82,quantile,1,0,1,0,30,29,start,4,lin,0.38796936108177066,0.03890379998483695,658.7400023000082,658.7400023000082,658.7400023000082,658.7400023000082,1,0.38796936108177066,1,right,1,,,,,,,,,,,5_lx_2,2023-04-19_20h08.51.376,quest,2022.2.5,59.81855835301294,
ulandscape,0,8,8,9,,,,,,,,,,,,,,,,,,,,,,,,,,,,,,,,,,,,,,,,,,,,,5_lx_2,2023-04-19_20h08.51.376,quest,2022.2.5,59.81855835301294,
ulandscape,0,8,8,9,,,,,,,,,,,,,,,,,,,,,,,,,,,,,,,,,,,,,,0.3716689653271686,0.05088031954097687,0.38247011412520243,,,,,5_lx_2,2023-04-19_20h08.51.376,quest,2022.2.5,59.81855835301294,
ulandscape,0,8,8,9,,,,,,,,,,,,,,,,,,,,,,,,,,,,,,,,,,,,,,,,,,,,,5_lx_2,2023-04-19_20h08.51.376,quest,2022.2.5,59.81855835301294,
umanmade,0,9,9,11,,,,,,659.9044287000143,659.9044287000143,space,1.9392139999836218,solo,0.8,0.8,0.82,quantile,1,0,1,0,1,0,start,4,lin,0.8,0.05376589999650605,662.4068473000079,662.4068473000079,662.4068473000079,662.4068473000079,1,0.8,-1,left,1,,,,,,,,,,,5_lx_2,2023-04-19_20h08.51.376,quest,2022.2.5,59.81855835301294,
umanmade,0,9,9,11,,,,,,,,,,,,,,,,,,,,,,,,,,,,,,,,,,,,,,,,,,,,,5_lx_2,2023-04-19_20h08.51.376,quest,2022.2.5,59.81855835301294,
umanmade,0,9,9,11,,,,,,,,,,solo,0.8,0.8,0.82,quantile,1,0,1,0,2,1,start,4,lin,0.7711677739866264,0.037380299996584654,663.5902170999907,663.5902170999907,663.5902170999907,663.5902170999907,1,0.7711677739866264,-1,left,1,,,,,,,,,,,5_lx_2,2023-04-19_20h08.51.376,quest,2022.2.5,59.81855835301294,
umanmade,0,9,9,11,,,,,,,,,,,,,,,,,,,,,,,,,,,,,,,,,,,,,,,,,,,,,5_lx_2,2023-04-19_20h08.51.376,quest,2022.2.5,59.81855835301294,
umanmade,0,9,9,11,,,,,,,,,,solo,0.8,0.8,0.82,quantile,1,0,1,0,3,2,start,4,lin,0.6892364930809887,0.043149600009201095,664.8066655000148,664.8066655000148,664.8066655000148,664.8066655000148,1,0.6892364930809887,-1,left,1,,,,,,,,,,,5_lx_2,2023-04-19_20h08.51.376,quest,2022.2.5,59.81855835301294,
umanmade,0,9,9,11,,,,,,,,,,,,,,,,,,,,,,,,,,,,,,,,,,,,,,,,,,,,,5_lx_2,2023-04-19_20h08.51.376,quest,2022.2.5,59.81855835301294,
umanmade,0,9,9,11,,,,,,,,,,solo,0.8,0.8,0.82,quantile,1,0,1,0,4,3,start,4,lin,0.6252138722597939,0.03799319997779094,665.8066368,665.8066368,665.8066368,665.8066368,1,0.6252138722597939,1,right,1,,,,,,,,,,,5_lx_2,2023-04-19_20h08.51.376,quest,2022.2.5,59.81855835301294,
umanmade,0,9,9,11,,,,,,,,,,,,,,,,,,,,,,,,,,,,,,,,,,,,,,,,,,,,,5_lx_2,2023-04-19_20h08.51.376,quest,2022.2.5,59.81855835301294,
umanmade,0,9,9,11,,,,,,,,,,solo,0.8,0.8,0.82,quantile,1,0,1,0,5,4,start,4,lin,0.5740588781600403,0.04398749998654239,667.0068080000055,667.0068080000055,667.0068080000055,667.0068080000055,1,0.5740588781600403,-1,left,1,,,,,,,,,,,5_lx_2,2023-04-19_20h08.51.376,quest,2022.2.5,59.81855835301294,
umanmade,0,9,9,11,,,,,,,,,,,,,,,,,,,,,,,,,,,,,,,,,,,,,,,,,,,,,5_lx_2,2023-04-19_20h08.51.376,quest,2022.2.5,59.81855835301294,
umanmade,0,9,9,11,,,,,,,,,,solo,0.8,0.8,0.82,quantile,1,0,1,0,6,5,start,4,lin,0.5312315311569114,0.0445350999943912,668.0797091000131,668.0797091000131,668.0797091000131,668.0797091000131,1,0.5312315311569114,1,right,1,,,,,,,,,,,5_lx_2,2023-04-19_20h08.51.376,quest,2022.2.5,59.81855835301294,
umanmade,0,9,9,11,,,,,,,,,,,,,,,,,,,,,,,,,,,,,,,,,,,,,,,,,,,,,5_lx_2,2023-04-19_20h08.51.376,quest,2022.2.5,59.81855835301294,
umanmade,0,9,9,11,,,,,,,,,,solo,0.8,0.8,0.82,quantile,1,0,1,0,7,6,start,4,lin,0.49592477917827904,0.03695419998257421,669.1903037000156,669.1903037000156,669.1903037000156,669.1903037000156,1,0.49592477917827904,-1,left,1,,,,,,,,,,,5_lx_2,2023-04-19_20h08.51.376,quest,2022.2.5,59.81855835301294,
umanmade,0,9,9,11,,,,,,,,,,,,,,,,,,,,,,,,,,,,,,,,,,,,,,,,,,,,,5_lx_2,2023-04-19_20h08.51.376,quest,2022.2.5,59.81855835301294,
umanmade,0,9,9,11,,,,,,,,,,solo,0.8,0.8,0.82,quantile,1,0,1,0,8,7,start,4,lin,0.46698116941993095,0.038937500008614734,670.7296721000166,670.7296721000166,670.7296721000166,670.7296721000166,1,0.46698116941993095,1,right,1,,,,,,,,,,,5_lx_2,2023-04-19_20h08.51.376,quest,2022.2.5,59.81855835301294,
umanmade,0,9,9,11,,,,,,,,,,,,,,,,,,,,,,,,,,,,,,,,,,,,,,,,,,,,,5_lx_2,2023-04-19_20h08.51.376,quest,2022.2.5,59.81855835301294,
umanmade,0,9,9,11,,,,,,,,,,solo,0.8,0.8,0.82,quantile,1,0,1,0,9,8,start,4,lin,0.4430068457305388,0.04414010001346469,672.406759000005,672.406759000005,672.406759000005,672.406759000005,1,0.4430068457305388,-1,left,1,,,,,,,,,,,5_lx_2,2023-04-19_20h08.51.376,quest,2022.2.5,59.81855835301294,
umanmade,0,9,9,11,,,,,,,,,,,,,,,,,,,,,,,,,,,,,,,,,,,,,,,,,,,,,5_lx_2,2023-04-19_20h08.51.376,quest,2022.2.5,59.81855835301294,
umanmade,0,9,9,11,,,,,,,,,,solo,0.8,0.8,0.82,quantile,1,0,1,0,10,9,start,4,lin,0.42295195219009735,0.03998600001796149,673.8400814000051,673.8400814000051,673.8400814000051,673.8400814000051,0,0.42295195219009735,-1,left,0,,,,,,,,,,,5_lx_2,2023-04-19_20h08.51.376,quest,2022.2.5,59.81855835301294,
umanmade,0,9,9,11,,,,,,,,,,,,,,,,,,,,,,,,,,,,,,,,,,,,,,,,,,,,,5_lx_2,2023-04-19_20h08.51.376,quest,2022.2.5,59.81855835301294,
umanmade,0,9,9,11,,,,,,,,,,solo,0.8,0.8,0.82,quantile,1,0,1,0,11,10,start,4,lin,0.4983963213553236,0.037917800014838576,677.1463679000153,677.1463679000153,677.1463679000153,677.1463679000153,1,0.4983963213553236,1,right,1,,,,,,,,,,,5_lx_2,2023-04-19_20h08.51.376,quest,2022.2.5,59.81855835301294,
umanmade,0,9,9,11,,,,,,,,,,,,,,,,,,,,,,,,,,,,,,,,,,,,,,,,,,,,,5_lx_2,2023-04-19_20h08.51.376,quest,2022.2.5,59.81855835301294,
umanmade,0,9,9,11,,,,,,,,,,solo,0.8,0.8,0.82,quantile,1,0,1,0,12,11,start,4,lin,0.47888847285771313,0.03750509998644702,679.1401953000168,679.1401953000168,679.1401953000168,679.1401953000168,1,0.47888847285771313,-1,left,1,,,,,,,,,,,5_lx_2,2023-04-19_20h08.51.376,quest,2022.2.5,59.81855835301294,
umanmade,0,9,9,11,,,,,,,,,,,,,,,,,,,,,,,,,,,,,,,,,,,,,,,,,,,,,5_lx_2,2023-04-19_20h08.51.376,quest,2022.2.5,59.81855835301294,
umanmade,0,9,9,11,,,,,,,,,,solo,0.8,0.8,0.82,quantile,1,0,1,0,13,12,start,4,lin,0.4622975563583374,0.03755910001927987,680.7237173000176,680.7237173000176,680.7237173000176,680.7237173000176,1,0.4622975563583374,-1,left,1,,,,,,,,,,,5_lx_2,2023-04-19_20h08.51.376,quest,2022.2.5,59.81855835301294,
umanmade,0,9,9,11,,,,,,,,,,,,,,,,,,,,,,,,,,,,,,,,,,,,,,,,,,,,,5_lx_2,2023-04-19_20h08.51.376,quest,2022.2.5,59.81855835301294,
umanmade,0,9,9,11,,,,,,,,,,solo,0.8,0.8,0.82,quantile,1,0,1,0,14,13,start,4,lin,0.44782519495946943,0.043730400007916614,682.4736762999964,682.4736762999964,682.4736762999964,682.4736762999964,1,0.44782519495946943,1,right,1,,,,,,,,,,,5_lx_2,2023-04-19_20h08.51.376,quest,2022.2.5,59.81855835301294,
umanmade,0,9,9,11,,,,,,,,,,,,,,,,,,,,,,,,,,,,,,,,,,,,,,,,,,,,,5_lx_2,2023-04-19_20h08.51.376,quest,2022.2.5,59.81855835301294,
umanmade,0,9,9,11,,,,,,,,,,solo,0.8,0.8,0.82,quantile,1,0,1,0,15,14,start,4,lin,0.4352560946395821,0.043164399976376444,684.3903755999927,684.3903755999927,684.3903755999927,684.3903755999927,1,0.4352560946395821,-1,left,1,,,,,,,,,,,5_lx_2,2023-04-19_20h08.51.376,quest,2022.2.5,59.81855835301294,
umanmade,0,9,9,11,,,,,,,,,,,,,,,,,,,,,,,,,,,,,,,,,,,,,,,,,,,,,5_lx_2,2023-04-19_20h08.51.376,quest,2022.2.5,59.81855835301294,
umanmade,0,9,9,11,,,,,,,,,,solo,0.8,0.8,0.82,quantile,1,0,1,0,16,15,start,4,lin,0.4241577070261589,0.04362599999876693,686.2571060000046,686.2571060000046,686.2571060000046,686.2571060000046,0,0.4241577070261589,-1,left,0,,,,,,,,,,,5_lx_2,2023-04-19_20h08.51.376,quest,2022.2.5,59.81855835301294,
umanmade,0,9,9,11,,,,,,,,,,,,,,,,,,,,,,,,,,,,,,,,,,,,,,,,,,,,,5_lx_2,2023-04-19_20h08.51.376,quest,2022.2.5,59.81855835301294,
umanmade,0,9,9,11,,,,,,,,,,solo,0.8,0.8,0.82,quantile,1,0,1,0,17,16,start,4,lin,0.4686911475392124,0.03682670000125654,688.3070876999991,688.3070876999991,688.3070876999991,688.3070876999991,1,0.4686911475392124,1,right,1,,,,,,,,,,,5_lx_2,2023-04-19_20h08.51.376,quest,2022.2.5,59.81855835301294,
umanmade,0,9,9,11,,,,,,,,,,,,,,,,,,,,,,,,,,,,,,,,,,,,,,,,,,,,,5_lx_2,2023-04-19_20h08.51.376,quest,2022.2.5,59.81855835301294,
umanmade,0,9,9,11,,,,,,,,,,solo,0.8,0.8,0.82,quantile,1,0,1,0,18,17,start,4,lin,0.45771000442608384,0.04330330001539551,690.3070092000125,690.3070092000125,690.3070092000125,690.3070092000125,1,0.45771000442608384,1,right,1,,,,,,,,,,,5_lx_2,2023-04-19_20h08.51.376,quest,2022.2.5,59.81855835301294,
umanmade,0,9,9,11,,,,,,,,,,,,,,,,,,,,,,,,,,,,,,,,,,,,,,,,,,,,,5_lx_2,2023-04-19_20h08.51.376,quest,2022.2.5,59.81855835301294,
umanmade,0,9,9,11,,,,,,,,,,solo,0.8,0.8,0.82,quantile,1,0,1,0,19,18,start,4,lin,0.44790731190776173,0.04379809999954887,692.4737541000068,692.4737541000068,692.4737541000068,692.4737541000068,1,0.44790731190776173,1,right,1,,,,,,,,,,,5_lx_2,2023-04-19_20h08.51.376,quest,2022.2.5,59.81855835301294,
umanmade,0,9,9,11,,,,,,,,,,,,,,,,,,,,,,,,,,,,,,,,,,,,,,,,,,,,,5_lx_2,2023-04-19_20h08.51.376,quest,2022.2.5,59.81855835301294,
umanmade,0,9,9,11,,,,,,,,,,solo,0.8,0.8,0.82,quantile,1,0,1,0,20,19,start,4,lin,0.43903158890540245,0.03709460000391118,693.990457500011,693.990457500011,693.990457500011,693.990457500011,1,0.43903158890540245,1,right,1,,,,,,,,,,,5_lx_2,2023-04-19_20h08.51.376,quest,2022.2.5,59.81855835301294,
umanmade,0,9,9,11,,,,,,,,,,,,,,,,,,,,,,,,,,,,,,,,,,,,,,,,,,,,,5_lx_2,2023-04-19_20h08.51.376,quest,2022.2.5,59.81855835301294,
umanmade,0,9,9,11,,,,,,,,,,solo,0.8,0.8,0.82,quantile,1,0,1,0,21,20,start,4,lin,0.43094366292058894,0.04383479998796247,696.1570732000109,696.1570732000109,696.1570732000109,696.1570732000109,1,0.43094366292058894,-1,left,1,,,,,,,,,,,5_lx_2,2023-04-19_20h08.51.376,quest,2022.2.5,59.81855835301294,
umanmade,0,9,9,11,,,,,,,,,,,,,,,,,,,,,,,,,,,,,,,,,,,,,,,,,,,,,5_lx_2,2023-04-19_20h08.51.376,quest,2022.2.5,59.81855835301294,
umanmade,0,9,9,11,,,,,,,,,,solo,0.8,0.8,0.82,quantile,1,0,1,0,22,21,start,4,lin,0.4235211510133995,0.03913170000305399,699.3300118999905,699.3300118999905,699.3300118999905,699.3300118999905,1,0.4235211510133995,1,right,1,,,,,,,,,,,5_lx_2,2023-04-19_20h08.51.376,quest,2022.2.5,59.81855835301294,
umanmade,0,9,9,11,,,,,,,,,,,,,,,,,,,,,,,,,,,,,,,,,,,,,,,,,,,,,5_lx_2,2023-04-19_20h08.51.376,quest,2022.2.5,59.81855835301294,
umanmade,0,9,9,11,,,,,,,,,,solo,0.8,0.8,0.82,quantile,1,0,1,0,23,22,start,4,lin,0.41656729931492864,0.036997800023527816,701.1902166999935,701.1902166999935,701.1902166999935,701.1902166999935,1,0.41656729931492864,1,right,1,,,,,,,,,,,5_lx_2,2023-04-19_20h08.51.376,quest,2022.2.5,59.81855835301294,
umanmade,0,9,9,11,,,,,,,,,,,,,,,,,,,,,,,,,,,,,,,,,,,,,,,,,,,,,5_lx_2,2023-04-19_20h08.51.376,quest,2022.2.5,59.81855835301294,
umanmade,0,9,9,11,,,,,,,,,,solo,0.8,0.8,0.82,quantile,1,0,1,0,24,23,start,4,lin,0.41011496040102224,0.03720210000756197,703.6966146999912,703.6966146999912,703.6966146999912,703.6966146999912,1,0.41011496040102224,-1,left,1,,,,,,,,,,,5_lx_2,2023-04-19_20h08.51.376,quest,2022.2.5,59.81855835301294,
umanmade,0,9,9,11,,,,,,,,,,,,,,,,,,,,,,,,,,,,,,,,,,,,,,,,,,,,,5_lx_2,2023-04-19_20h08.51.376,quest,2022.2.5,59.81855835301294,
umanmade,0,9,9,11,,,,,,,,,,solo,0.8,0.8,0.82,quantile,1,0,1,0,25,24,start,4,lin,0.40418454453968805,0.0372135000070557,706.4571766000008,706.4571766000008,706.4571766000008,706.4571766000008,1,0.40418454453968805,-1,left,1,,,,,,,,,,,5_lx_2,2023-04-19_20h08.51.376,quest,2022.2.5,59.81855835301294,
umanmade,0,9,9,11,,,,,,,,,,,,,,,,,,,,,,,,,,,,,,,,,,,,,,,,,,,,,5_lx_2,2023-04-19_20h08.51.376,quest,2022.2.5,59.81855835301294,
umanmade,0,9,9,11,,,,,,,,,,solo,0.8,0.8,0.82,quantile,1,0,1,0,26,25,start,4,lin,0.39846022946233023,0.038475199980894104,709.2572422999947,709.2572422999947,709.2572422999947,709.2572422999947,1,0.39846022946233023,-1,left,1,,,,,,,,,,,5_lx_2,2023-04-19_20h08.51.376,quest,2022.2.5,59.81855835301294,
umanmade,0,9,9,11,,,,,,,,,,,,,,,,,,,,,,,,,,,,,,,,,,,,,,,,,,,,,5_lx_2,2023-04-19_20h08.51.376,quest,2022.2.5,59.81855835301294,
umanmade,0,9,9,11,,,,,,,,,,solo,0.8,0.8,0.82,quantile,1,0,1,0,27,26,start,4,lin,0.3932054909366999,0.04387950000818819,710.9905451000086,710.9905451000086,710.9905451000086,710.9905451000086,1,0.3932054909366999,-1,left,1,,,,,,,,,,,5_lx_2,2023-04-19_20h08.51.376,quest,2022.2.5,59.81855835301294,
umanmade,0,9,9,11,,,,,,,,,,,,,,,,,,,,,,,,,,,,,,,,,,,,,,,,,,,,,5_lx_2,2023-04-19_20h08.51.376,quest,2022.2.5,59.81855835301294,
umanmade,0,9,9,11,,,,,,,,,,solo,0.8,0.8,0.82,quantile,1,0,1,0,28,27,start,4,lin,0.388138622787384,0.03710099999443628,713.6738936000038,713.6738936000038,713.6738936000038,713.6738936000038,0,0.388138622787384,-1,left,0,716.6755463000154,716.6755463000154,716.6755463000154,,,,,,,,5_lx_2,2023-04-19_20h08.51.376,quest,2022.2.5,59.81855835301294,
umanmade,0,9,9,11,,,,,,,,,,,,,,,,,,,,,,,,,,,,,,,,,,,,,,,,,,,,,5_lx_2,2023-04-19_20h08.51.376,quest,2022.2.5,59.81855835301294,
umanmade,0,9,9,11,,,,,,,,,,solo,0.8,0.8,0.82,quantile,1,0,1,0,29,28,start,4,lin,0.4098195094830851,0.037329600017983466,717.4238917999901,717.4238917999901,717.4238917999901,717.4238917999901,0,0.4098195094830851,-1,left,0,,,,,,,,,,,5_lx_2,2023-04-19_20h08.51.376,quest,2022.2.5,59.81855835301294,
umanmade,0,9,9,11,,,,,,,,,,,,,,,,,,,,,,,,,,,,,,,,,,,,,,,,,,,,,5_lx_2,2023-04-19_20h08.51.376,quest,2022.2.5,59.81855835301294,
umanmade,0,9,9,11,,,,,,,,,,solo,0.8,0.8,0.82,quantile,1,0,1,0,30,29,start,4,lin,0.43265674126166476,0.03784710000036284,720.1633656999911,720.1633656999911,720.1633656999911,720.1633656999911,1,0.43265674126166476,1,right,1,723.1733327000111,723.1733327000111,723.1733327000111,,,,,,,,5_lx_2,2023-04-19_20h08.51.376,quest,2022.2.5,59.81855835301294,
umanmade,0,9,9,11,,,,,,,,,,,,,,,,,,,,,,,,,,,,,,,,,,,,,,,,,,,,,5_lx_2,2023-04-19_20h08.51.376,quest,2022.2.5,59.81855835301294,
umanmade,0,9,9,11,,,,,,,,,,,,,,,,,,,,,,,,,,,,,,,,,,,,,,0.4152540019999552,0.05609594025272756,0.42527056451508405,,,,,5_lx_2,2023-04-19_20h08.51.376,quest,2022.2.5,59.81855835301294,
umanmade,0,9,9,11,,,,,,,,,,,,,,,,,,,,,,,,,,,,,,,,,,,,,,,,,,,,,5_lx_2,2023-04-19_20h08.51.376,quest,2022.2.5,59.81855835301294,
uanimal,0,10,10,1,,,,,,723.5714428999927,723.5714428999927,space,2.376819900004193,solo,0.8,0.8,0.82,quantile,1,0,1,0,1,0,start,4,lin,0.8,0.06879399999161251,726.5467953000043,726.5467953000043,726.5467953000043,726.5467953000043,1,0.8,-1,left,1,,,,,,,,,,,5_lx_2,2023-04-19_20h08.51.376,quest,2022.2.5,59.81855835301294,
uanimal,0,10,10,1,,,,,,,,,,,,,,,,,,,,,,,,,,,,,,,,,,,,,,,,,,,,,5_lx_2,2023-04-19_20h08.51.376,quest,2022.2.5,59.81855835301294,
uanimal,0,10,10,1,,,,,,,,,,solo,0.8,0.8,0.82,quantile,1,0,1,0,2,1,start,4,lin,0.7711677739866264,0.044337800005450845,727.6738114000182,727.6738114000182,727.6738114000182,727.6738114000182,1,0.7711677739866264,-1,left,1,,,,,,,,,,,5_lx_2,2023-04-19_20h08.51.376,quest,2022.2.5,59.81855835301294,
uanimal,0,10,10,1,,,,,,,,,,,,,,,,,,,,,,,,,,,,,,,,,,,,,,,,,,,,,5_lx_2,2023-04-19_20h08.51.376,quest,2022.2.5,59.81855835301294,
uanimal,0,10,10,1,,,,,,,,,,solo,0.8,0.8,0.82,quantile,1,0,1,0,3,2,start,4,lin,0.6892364930809887,0.04020680001121946,728.7468027000141,728.7468027000141,728.7468027000141,728.7468027000141,1,0.6892364930809887,-1,left,1,,,,,,,,,,,5_lx_2,2023-04-19_20h08.51.376,quest,2022.2.5,59.81855835301294,
uanimal,0,10,10,1,,,,,,,,,,,,,,,,,,,,,,,,,,,,,,,,,,,,,,,,,,,,,5_lx_2,2023-04-19_20h08.51.376,quest,2022.2.5,59.81855835301294,
uanimal,0,10,10,1,,,,,,,,,,solo,0.8,0.8,0.82,quantile,1,0,1,0,4,3,start,4,lin,0.6252138722597939,0.04536790002021007,729.7588814999908,729.7588814999908,729.7588814999908,729.7588814999908,1,0.6252138722597939,-1,left,1,,,,,,,,,,,5_lx_2,2023-04-19_20h08.51.376,quest,2022.2.5,59.81855835301294,
uanimal,0,10,10,1,,,,,,,,,,,,,,,,,,,,,,,,,,,,,,,,,,,,,,,,,,,,,5_lx_2,2023-04-19_20h08.51.376,quest,2022.2.5,59.81855835301294,
uanimal,0,10,10,1,,,,,,,,,,solo,0.8,0.8,0.82,quantile,1,0,1,0,5,4,start,4,lin,0.5740588781600403,0.03972780000185594,730.7904535999987,730.7904535999987,730.7904535999987,730.7904535999987,1,0.5740588781600403,1,right,1,,,,,,,,,,,5_lx_2,2023-04-19_20h08.51.376,quest,2022.2.5,59.81855835301294,
uanimal,0,10,10,1,,,,,,,,,,,,,,,,,,,,,,,,,,,,,,,,,,,,,,,,,,,,,5_lx_2,2023-04-19_20h08.51.376,quest,2022.2.5,59.81855835301294,
uanimal,0,10,10,1,,,,,,,,,,solo,0.8,0.8,0.82,quantile,1,0,1,0,6,5,start,4,lin,0.5312315311569114,0.03829820000100881,733.1468698999961,733.1468698999961,733.1468698999961,733.1468698999961,1,0.5312315311569114,-1,left,1,,,,,,,,,,,5_lx_2,2023-04-19_20h08.51.376,quest,2022.2.5,59.81855835301294,
uanimal,0,10,10,1,,,,,,,,,,,,,,,,,,,,,,,,,,,,,,,,,,,,,,,,,,,,,5_lx_2,2023-04-19_20h08.51.376,quest,2022.2.5,59.81855835301294,
uanimal,0,10,10,1,,,,,,,,,,solo,0.8,0.8,0.82,quantile,1,0,1,0,7,6,start,4,lin,0.49592477917827904,0.04041700001107529,734.8904258999974,734.8904258999974,734.8904258999974,734.8904258999974,1,0.49592477917827904,-1,left,1,,,,,,,,,,,5_lx_2,2023-04-19_20h08.51.376,quest,2022.2.5,59.81855835301294,
uanimal,0,10,10,1,,,,,,,,,,,,,,,,,,,,,,,,,,,,,,,,,,,,,,,,,,,,,5_lx_2,2023-04-19_20h08.51.376,quest,2022.2.5,59.81855835301294,
uanimal,0,10,10,1,,,,,,,,,,solo,0.8,0.8,0.82,quantile,1,0,1,0,8,7,start,4,lin,0.46698116941993095,0.038581700006034225,736.9571489999944,736.9571489999944,736.9571489999944,736.9571489999944,1,0.46698116941993095,1,right,1,,,,,,,,,,,5_lx_2,2023-04-19_20h08.51.376,quest,2022.2.5,59.81855835301294,
uanimal,0,10,10,1,,,,,,,,,,,,,,,,,,,,,,,,,,,,,,,,,,,,,,,,,,,,,5_lx_2,2023-04-19_20h08.51.376,quest,2022.2.5,59.81855835301294,
uanimal,0,10,10,1,,,,,,,,,,solo,0.8,0.8,0.82,quantile,1,0,1,0,9,8,start,4,lin,0.4430068457305388,0.04447600001003593,738.4572655000084,738.4572655000084,738.4572655000084,738.4572655000084,1,0.4430068457305388,1,right,1,,,,,,,,,,,5_lx_2,2023-04-19_20h08.51.376,quest,2022.2.5,59.81855835301294,
uanimal,0,10,10,1,,,,,,,,,,,,,,,,,,,,,,,,,,,,,,,,,,,,,,,,,,,,,5_lx_2,2023-04-19_20h08.51.376,quest,2022.2.5,59.81855835301294,
uanimal,0,10,10,1,,,,,,,,,,solo,0.8,0.8,0.82,quantile,1,0,1,0,10,9,start,4,lin,0.42295195219009735,0.04528210000717081,740.5739271999919,740.5739271999919,740.5739271999919,740.5739271999919,1,0.42295195219009735,-1,left,1,,,,,,,,,,,5_lx_2,2023-04-19_20h08.51.376,quest,2022.2.5,59.81855835301294,
uanimal,0,10,10,1,,,,,,,,,,,,,,,,,,,,,,,,,,,,,,,,,,,,,,,,,,,,,5_lx_2,2023-04-19_20h08.51.376,quest,2022.2.5,59.81855835301294,
uanimal,0,10,10,1,,,,,,,,,,solo,0.8,0.8,0.82,quantile,1,0,1,0,11,10,start,4,lin,0.4063189003109283,0.04524109998601489,742.2738761999935,742.2738761999935,742.2738761999935,742.2738761999935,1,0.4063189003109283,-1,left,1,,,,,,,,,,,5_lx_2,2023-04-19_20h08.51.376,quest,2022.2.5,59.81855835301294,
uanimal,0,10,10,1,,,,,,,,,,,,,,,,,,,,,,,,,,,,,,,,,,,,,,,,,,,,,5_lx_2,2023-04-19_20h08.51.376,quest,2022.2.5,59.81855835301294,
uanimal,0,10,10,1,,,,,,,,,,solo,0.8,0.8,0.82,quantile,1,0,1,0,12,11,start,4,lin,0.39260237199069375,0.04180010000709444,745.207312100014,745.207312100014,745.207312100014,745.207312100014,1,0.39260237199069375,-1,left,1,,,,,,,,,,,5_lx_2,2023-04-19_20h08.51.376,quest,2022.2.5,59.81855835301294,
uanimal,0,10,10,1,,,,,,,,,,,,,,,,,,,,,,,,,,,,,,,,,,,,,,,,,,,,,5_lx_2,2023-04-19_20h08.51.376,quest,2022.2.5,59.81855835301294,
uanimal,0,10,10,1,,,,,,,,,,solo,0.8,0.8,0.82,quantile,1,0,1,0,13,12,start,4,lin,0.38103863282156525,0.04179620000650175,747.4304012999928,747.4304012999928,747.4304012999928,747.4304012999928,1,0.38103863282156525,1,right,1,,,,,,,,,,,5_lx_2,2023-04-19_20h08.51.376,quest,2022.2.5,59.81855835301294,
uanimal,0,10,10,1,,,,,,,,,,,,,,,,,,,,,,,,,,,,,,,,,,,,,,,,,,,,,5_lx_2,2023-04-19_20h08.51.376,quest,2022.2.5,59.81855835301294,
uanimal,0,10,10,1,,,,,,,,,,solo,0.8,0.8,0.82,quantile,1,0,1,0,14,13,start,4,lin,0.37139804414009503,0.03818400000454858,749.1572826000047,749.1572826000047,749.1572826000047,749.1572826000047,1,0.37139804414009503,-1,left,1,,,,,,,,,,,5_lx_2,2023-04-19_20h08.51.376,quest,2022.2.5,59.81855835301294,
uanimal,0,10,10,1,,,,,,,,,,,,,,,,,,,,,,,,,,,,,,,,,,,,,,,,,,,,,5_lx_2,2023-04-19_20h08.51.376,quest,2022.2.5,59.81855835301294,
uanimal,0,10,10,1,,,,,,,,,,solo,0.8,0.8,0.82,quantile,1,0,1,0,15,14,start,4,lin,0.36330902054639197,0.03891569998813793,750.7239467000181,750.7239467000181,750.7239467000181,750.7239467000181,1,0.36330902054639197,-1,left,1,,,,,,,,,,,5_lx_2,2023-04-19_20h08.51.376,quest,2022.2.5,59.81855835301294,
uanimal,0,10,10,1,,,,,,,,,,,,,,,,,,,,,,,,,,,,,,,,,,,,,,,,,,,,,5_lx_2,2023-04-19_20h08.51.376,quest,2022.2.5,59.81855835301294,
uanimal,0,10,10,1,,,,,,,,,,solo,0.8,0.8,0.82,quantile,1,0,1,0,16,15,start,4,lin,0.3563983726426918,0.045337699993979186,753.4072076000157,753.4072076000157,753.4072076000157,753.4072076000157,1,0.3563983726426918,-1,left,1,,,,,,,,,,,5_lx_2,2023-04-19_20h08.51.376,quest,2022.2.5,59.81855835301294,
uanimal,0,10,10,1,,,,,,,,,,,,,,,,,,,,,,,,,,,,,,,,,,,,,,,,,,,,,5_lx_2,2023-04-19_20h08.51.376,quest,2022.2.5,59.81855835301294,
uanimal,0,10,10,1,,,,,,,,,,solo,0.8,0.8,0.82,quantile,1,0,1,0,17,16,start,4,lin,0.35040609561670627,0.03875110001536086,756.1138144000142,756.1138144000142,756.1138144000142,756.1138144000142,1,0.35040609561670627,-1,left,1,,,,,,,,,,,5_lx_2,2023-04-19_20h08.51.376,quest,2022.2.5,59.81855835301294,
uanimal,0,10,10,1,,,,,,,,,,,,,,,,,,,,,,,,,,,,,,,,,,,,,,,,,,,,,5_lx_2,2023-04-19_20h08.51.376,quest,2022.2.5,59.81855835301294,
uanimal,0,10,10,1,,,,,,,,,,solo,0.8,0.8,0.82,quantile,1,0,1,0,18,17,start,4,lin,0.3454867065779402,0.03958559999591671,758.3805985999934,758.3805985999934,758.3805985999934,758.3805985999934,0,0.3454867065779402,1,right,0,,,,,,,,,,,5_lx_2,2023-04-19_20h08.51.376,quest,2022.2.5,59.81855835301294,
uanimal,0,10,10,1,,,,,,,,,,,,,,,,,,,,,,,,,,,,,,,,,,,,,,,,,,,,,5_lx_2,2023-04-19_20h08.51.376,quest,2022.2.5,59.81855835301294,
uanimal,0,10,10,1,,,,,,,,,,solo,0.8,0.8,0.82,quantile,1,0,1,0,19,18,start,4,lin,0.3677333023560201,0.04006010000011884,760.597188100015,760.597188100015,760.597188100015,760.597188100015,1,0.3677333023560201,-1,left,1,,,,,,,,,,,5_lx_2,2023-04-19_20h08.51.376,quest,2022.2.5,59.81855835301294,
uanimal,0,10,10,1,,,,,,,,,,,,,,,,,,,,,,,,,,,,,,,,,,,,,,,,,,,,,5_lx_2,2023-04-19_20h08.51.376,quest,2022.2.5,59.81855835301294,
uanimal,0,10,10,1,,,,,,,,,,solo,0.8,0.8,0.82,quantile,1,0,1,0,20,19,start,4,lin,0.3613167306461233,0.03836629999568686,762.8805916999991,762.8805916999991,762.8805916999991,762.8805916999991,1,0.3613167306461233,-1,left,1,,,,,,,,,,,5_lx_2,2023-04-19_20h08.51.376,quest,2022.2.5,59.81855835301294,
uanimal,0,10,10,1,,,,,,,,,,,,,,,,,,,,,,,,,,,,,,,,,,,,,,,,,,,,,5_lx_2,2023-04-19_20h08.51.376,quest,2022.2.5,59.81855835301294,
uanimal,0,10,10,1,,,,,,,,,,solo,0.8,0.8,0.82,quantile,1,0,1,0,21,20,start,4,lin,0.35576244056159,0.038891299976967275,764.8741426999914,764.8741426999914,764.8741426999914,764.8741426999914,1,0.35576244056159,1,right,1,,,,,,,,,,,5_lx_2,2023-04-19_20h08.51.376,quest,2022.2.5,59.81855835301294,
uanimal,0,10,10,1,,,,,,,,,,,,,,,,,,,,,,,,,,,,,,,,,,,,,,,,,,,,,5_lx_2,2023-04-19_20h08.51.376,quest,2022.2.5,59.81855835301294,
uanimal,0,10,10,1,,,,,,,,,,solo,0.8,0.8,0.82,quantile,1,0,1,0,22,21,start,4,lin,0.3507296465377263,0.045619100012118,767.647203600005,767.647203600005,767.647203600005,767.647203600005,1,0.3507296465377263,-1,left,1,770.6571326999983,770.6571326999983,770.6571326999983,,,,,,,,5_lx_2,2023-04-19_20h08.51.376,quest,2022.2.5,59.81855835301294,
uanimal,0,10,10,1,,,,,,,,,,,,,,,,,,,,,,,,,,,,,,,,,,,,,,,,,,,,,5_lx_2,2023-04-19_20h08.51.376,quest,2022.2.5,59.81855835301294,
uanimal,0,10,10,1,,,,,,,,,,solo,0.8,0.8,0.82,quantile,1,0,1,0,23,22,start,4,lin,0.34644638080376317,0.046176500007277355,771.607562899997,771.607562899997,771.607562899997,771.607562899997,1,0.34644638080376317,-1,left,1,,,,,,,,,,,5_lx_2,2023-04-19_20h08.51.376,quest,2022.2.5,59.81855835301294,
uanimal,0,10,10,1,,,,,,,,,,,,,,,,,,,,,,,,,,,,,,,,,,,,,,,,,,,,,5_lx_2,2023-04-19_20h08.51.376,quest,2022.2.5,59.81855835301294,
uanimal,0,10,10,1,,,,,,,,,,solo,0.8,0.8,0.82,quantile,1,0,1,0,24,23,start,4,lin,0.34253867789254844,0.045946899976115674,774.6409036999976,774.6409036999976,774.6409036999976,774.6409036999976,1,0.34253867789254844,1,right,1,777.6406625999953,777.6406625999953,777.6406625999953,,,,,,,,5_lx_2,2023-04-19_20h08.51.376,quest,2022.2.5,59.81855835301294,
uanimal,0,10,10,1,,,,,,,,,,,,,,,,,,,,,,,,,,,,,,,,,,,,,,,,,,,,,5_lx_2,2023-04-19_20h08.51.376,quest,2022.2.5,59.81855835301294,
uanimal,0,10,10,1,,,,,,,,,,solo,0.8,0.8,0.82,quantile,1,0,1,0,25,24,start,4,lin,0.33897389934630645,0.03853199997683987,778.7241757000156,778.7241757000156,778.7241757000156,778.7241757000156,1,0.33897389934630645,-1,left,1,,,,,,,,,,,5_lx_2,2023-04-19_20h08.51.376,quest,2022.2.5,59.81855835301294,
uanimal,0,10,10,1,,,,,,,,,,,,,,,,,,,,,,,,,,,,,,,,,,,,,,,,,,,,,5_lx_2,2023-04-19_20h08.51.376,quest,2022.2.5,59.81855835301294,
uanimal,0,10,10,1,,,,,,,,,,solo,0.8,0.8,0.82,quantile,1,0,1,0,26,25,start,4,lin,0.3359818141092098,0.04472189999069087,781.007532299991,781.007532299991,781.007532299991,781.007532299991,1,0.3359818141092098,-1,left,1,,,,,,,,,,,5_lx_2,2023-04-19_20h08.51.376,quest,2022.2.5,59.81855835301294,
uanimal,0,10,10,1,,,,,,,,,,,,,,,,,,,,,,,,,,,,,,,,,,,,,,,,,,,,,5_lx_2,2023-04-19_20h08.51.376,quest,2022.2.5,59.81855835301294,
uanimal,0,10,10,1,,,,,,,,,,solo,0.8,0.8,0.82,quantile,1,0,1,0,27,26,start,4,lin,0.33317344870320253,0.04439470000215806,783.2075422999915,783.2075422999915,783.2075422999915,783.2075422999915,1,0.33317344870320253,1,right,1,786.2599033000006,786.2599033000006,786.2599033000006,,,,,,,,5_lx_2,2023-04-19_20h08.51.376,quest,2022.2.5,59.81855835301294,
uanimal,0,10,10,1,,,,,,,,,,,,,,,,,,,,,,,,,,,,,,,,,,,,,,,,,,,,,5_lx_2,2023-04-19_20h08.51.376,quest,2022.2.5,59.81855835301294,
uanimal,0,10,10,1,,,,,,,,,,solo,0.8,0.8,0.82,quantile,1,0,1,0,28,27,start,4,lin,0.330471848863414,0.03829550000955351,786.7641445999907,786.7641445999907,786.7641445999907,786.7641445999907,1,0.330471848863414,-1,left,1,,,,,,,,,,,5_lx_2,2023-04-19_20h08.51.376,quest,2022.2.5,59.81855835301294,
uanimal,0,10,10,1,,,,,,,,,,,,,,,,,,,,,,,,,,,,,,,,,,,,,,,,,,,,,5_lx_2,2023-04-19_20h08.51.376,quest,2022.2.5,59.81855835301294,
uanimal,0,10,10,1,,,,,,,,,,solo,0.8,0.8,0.82,quantile,1,0,1,0,29,28,start,4,lin,0.3282803005854708,0.04489709998597391,790.1409792999912,790.1409792999912,790.1409792999912,790.1409792999912,1,0.3282803005854708,1,right,1,,,,,,,,,,,5_lx_2,2023-04-19_20h08.51.376,quest,2022.2.5,59.81855835301294,
uanimal,0,10,10,1,,,,,,,,,,,,,,,,,,,,,,,,,,,,,,,,,,,,,,,,,,,,,5_lx_2,2023-04-19_20h08.51.376,quest,2022.2.5,59.81855835301294,
uanimal,0,10,10,1,,,,,,,,,,solo,0.8,0.8,0.82,quantile,1,0,1,0,30,29,start,4,lin,0.3263062872270024,0.03834890000871383,792.757520300016,792.757520300016,792.757520300016,792.757520300016,1,0.3263062872270024,-1,left,1,,,,,,,,,,,5_lx_2,2023-04-19_20h08.51.376,quest,2022.2.5,59.81855835301294,
uanimal,0,10,10,1,,,,,,,,,,,,,,,,,,,,,,,,,,,,,,,,,,,,,,,,,,,,,5_lx_2,2023-04-19_20h08.51.376,quest,2022.2.5,59.81855835301294,
uanimal,0,10,10,1,,,,,,,,,,,,,,,,,,,,,,,,,,,,,,,,,,,,,,0.3174218602157842,0.0315835806317041,0.33085019717845854,,,,,5_lx_2,2023-04-19_20h08.51.376,quest,2022.2.5,59.81855835301294,
uanimal,0,10,10,1,,,,,,,,,,,,,,,,,,,,,,,,,,,,,,,,,,,,,,,,,,,,,5_lx_2,2023-04-19_20h08.51.376,quest,2022.2.5,59.81855835301294,
animal,0,11,11,0,,,,,,793.7051044999971,793.7051044999971,space,2.0346071000094526,solo,0.8,0.8,0.82,quantile,1,0,1,0,1,0,start,4,lin,0.8,0.059181899996474385,796.3076465000049,796.3076465000049,796.3076465000049,796.3076465000049,1,0.8,1,right,1,,,,,,,,,,,5_lx_2,2023-04-19_20h08.51.376,quest,2022.2.5,59.81855835301294,
animal,0,11,11,0,,,,,,,,,,,,,,,,,,,,,,,,,,,,,,,,,,,,,,,,,,,,,5_lx_2,2023-04-19_20h08.51.376,quest,2022.2.5,59.81855835301294,
animal,0,11,11,0,,,,,,,,,,solo,0.8,0.8,0.82,quantile,1,0,1,0,2,1,start,4,lin,0.7711677739866264,0.0368222999968566,797.481076600001,797.481076600001,797.481076600001,797.481076600001,1,0.7711677739866264,1,right,1,,,,,,,,,,,5_lx_2,2023-04-19_20h08.51.376,quest,2022.2.5,59.81855835301294,
animal,0,11,11,0,,,,,,,,,,,,,,,,,,,,,,,,,,,,,,,,,,,,,,,,,,,,,5_lx_2,2023-04-19_20h08.51.376,quest,2022.2.5,59.81855835301294,
animal,0,11,11,0,,,,,,,,,,solo,0.8,0.8,0.82,quantile,1,0,1,0,3,2,start,4,lin,0.6892364930809887,0.03708049998385832,798.7077415999956,798.7077415999956,798.7077415999956,798.7077415999956,1,0.6892364930809887,-1,left,1,,,,,,,,,,,5_lx_2,2023-04-19_20h08.51.376,quest,2022.2.5,59.81855835301294,
animal,0,11,11,0,,,,,,,,,,,,,,,,,,,,,,,,,,,,,,,,,,,,,,,,,,,,,5_lx_2,2023-04-19_20h08.51.376,quest,2022.2.5,59.81855835301294,
animal,0,11,11,0,,,,,,,,,,solo,0.8,0.8,0.82,quantile,1,0,1,0,4,3,start,4,lin,0.6252138722597939,0.03701920001185499,800.757777699997,800.757777699997,800.757777699997,800.757777699997,1,0.6252138722597939,-1,left,1,,,,,,,,,,,5_lx_2,2023-04-19_20h08.51.376,quest,2022.2.5,59.81855835301294,
animal,0,11,11,0,,,,,,,,,,,,,,,,,,,,,,,,,,,,,,,,,,,,,,,,,,,,,5_lx_2,2023-04-19_20h08.51.376,quest,2022.2.5,59.81855835301294,
animal,0,11,11,0,,,,,,,,,,solo,0.8,0.8,0.82,quantile,1,0,1,0,5,4,start,4,lin,0.5740588781600403,0.03684190000058152,801.9139011999941,801.9139011999941,801.9139011999941,801.9139011999941,1,0.5740588781600403,-1,left,1,,,,,,,,,,,5_lx_2,2023-04-19_20h08.51.376,quest,2022.2.5,59.81855835301294,
animal,0,11,11,0,,,,,,,,,,,,,,,,,,,,,,,,,,,,,,,,,,,,,,,,,,,,,5_lx_2,2023-04-19_20h08.51.376,quest,2022.2.5,59.81855835301294,
animal,0,11,11,0,,,,,,,,,,solo,0.8,0.8,0.82,quantile,1,0,1,0,6,5,start,4,lin,0.5312315311569114,0.0368414000258781,803.8744751999911,803.8744751999911,803.8744751999911,803.8744751999911,1,0.5312315311569114,-1,left,1,,,,,,,,,,,5_lx_2,2023-04-19_20h08.51.376,quest,2022.2.5,59.81855835301294,
animal,0,11,11,0,,,,,,,,,,,,,,,,,,,,,,,,,,,,,,,,,,,,,,,,,,,,,5_lx_2,2023-04-19_20h08.51.376,quest,2022.2.5,59.81855835301294,
animal,0,11,11,0,,,,,,,,,,solo,0.8,0.8,0.82,quantile,1,0,1,0,7,6,start,4,lin,0.49592477917827904,0.03700599999865517,806.4311091999989,806.4311091999989,806.4311091999989,806.4311091999989,1,0.49592477917827904,1,right,1,809.4405821000109,809.4405821000109,809.4405821000109,,,,,,,,5_lx_2,2023-04-19_20h08.51.376,quest,2022.2.5,59.81855835301294,
animal,0,11,11,0,,,,,,,,,,,,,,,,,,,,,,,,,,,,,,,,,,,,,,,,,,,,,5_lx_2,2023-04-19_20h08.51.376,quest,2022.2.5,59.81855835301294,
animal,0,11,11,0,,,,,,,,,,solo,0.8,0.8,0.82,quantile,1,0,1,0,8,7,start,4,lin,0.46698116941993095,0.03786650000256486,810.0076924000168,810.0076924000168,810.0076924000168,810.0076924000168,1,0.46698116941993095,1,right,1,,,,,,,,,,,5_lx_2,2023-04-19_20h08.51.376,quest,2022.2.5,59.81855835301294,
animal,0,11,11,0,,,,,,,,,,,,,,,,,,,,,,,,,,,,,,,,,,,,,,,,,,,,,5_lx_2,2023-04-19_20h08.51.376,quest,2022.2.5,59.81855835301294,
animal,0,11,11,0,,,,,,,,,,solo,0.8,0.8,0.82,quantile,1,0,1,0,9,8,start,4,lin,0.4430068457305388,0.03663109999615699,812.3909805000003,812.3909805000003,812.3909805000003,812.3909805000003,0,0.4430068457305388,-1,left,0,815.3910810000089,815.3910810000089,815.3910810000089,,,,,,,,5_lx_2,2023-04-19_20h08.51.376,quest,2022.2.5,59.81855835301294,
animal,0,11,11,0,,,,,,,,,,,,,,,,,,,,,,,,,,,,,,,,,,,,,,,,,,,,,5_lx_2,2023-04-19_20h08.51.376,quest,2022.2.5,59.81855835301294,
animal,0,11,11,0,,,,,,,,,,solo,0.8,0.8,0.82,quantile,1,0,1,0,10,9,start,4,lin,0.532194948783745,0.03721340000629425,816.0244246000075,816.0244246000075,816.0244246000075,816.0244246000075,1,0.532194948783745,-1,left,1,,,,,,,,,,,5_lx_2,2023-04-19_20h08.51.376,quest,2022.2.5,59.81855835301294,
animal,0,11,11,0,,,,,,,,,,,,,,,,,,,,,,,,,,,,,,,,,,,,,,,,,,,,,5_lx_2,2023-04-19_20h08.51.376,quest,2022.2.5,59.81855835301294,
animal,0,11,11,0,,,,,,,,,,solo,0.8,0.8,0.82,quantile,1,0,1,0,11,10,start,4,lin,0.5098283055127295,0.0443092999921646,819.4744124000135,819.4744124000135,819.4744124000135,819.4744124000135,1,0.5098283055127295,-1,left,1,,,,,,,,,,,5_lx_2,2023-04-19_20h08.51.376,quest,2022.2.5,59.81855835301294,
animal,0,11,11,0,,,,,,,,,,,,,,,,,,,,,,,,,,,,,,,,,,,,,,,,,,,,,5_lx_2,2023-04-19_20h08.51.376,quest,2022.2.5,59.81855835301294,
animal,0,11,11,0,,,,,,,,,,solo,0.8,0.8,0.82,quantile,1,0,1,0,12,11,start,4,lin,0.4911231365502728,0.037051099992822856,822.3743987999915,822.3743987999915,822.3743987999915,822.3743987999915,1,0.4911231365502728,-1,left,1,,,,,,,,,,,5_lx_2,2023-04-19_20h08.51.376,quest,2022.2.5,59.81855835301294,
animal,0,11,11,0,,,,,,,,,,,,,,,,,,,,,,,,,,,,,,,,,,,,,,,,,,,,,5_lx_2,2023-04-19_20h08.51.376,quest,2022.2.5,59.81855835301294,
animal,0,11,11,0,,,,,,,,,,solo,0.8,0.8,0.82,quantile,1,0,1,0,13,12,start,4,lin,0.47503792007315643,0.04488689999561757,824.8480020000134,824.8480020000134,824.8480020000134,824.8480020000134,1,0.47503792007315643,1,right,1,827.8576862000045,827.8576862000045,827.8576862000045,,,,,,,,5_lx_2,2023-04-19_20h08.51.376,quest,2022.2.5,59.81855835301294,
animal,0,11,11,0,,,,,,,,,,,,,,,,,,,,,,,,,,,,,,,,,,,,,,,,,,,,,5_lx_2,2023-04-19_20h08.51.376,quest,2022.2.5,59.81855835301294,
animal,0,11,11,0,,,,,,,,,,solo,0.8,0.8,0.82,quantile,1,0,1,0,14,13,start,4,lin,0.46109276224972084,0.03743320002104156,829.0481275999919,829.0481275999919,829.0481275999919,829.0481275999919,1,0.46109276224972084,-1,left,1,,,,,,,,,,,5_lx_2,2023-04-19_20h08.51.376,quest,2022.2.5,59.81855835301294,
animal,0,11,11,0,,,,,,,,,,,,,,,,,,,,,,,,,,,,,,,,,,,,,,,,,,,,,5_lx_2,2023-04-19_20h08.51.376,quest,2022.2.5,59.81855835301294,
animal,0,11,11,0,,,,,,,,,,solo,0.8,0.8,0.82,quantile,1,0,1,0,15,14,start,4,lin,0.44863324449589004,0.037215699994703755,831.5814580000006,831.5814580000006,831.5814580000006,831.5814580000006,1,0.44863324449589004,-1,left,1,,,,,,,,,,,5_lx_2,2023-04-19_20h08.51.376,quest,2022.2.5,59.81855835301294,
animal,0,11,11,0,,,,,,,,,,,,,,,,,,,,,,,,,,,,,,,,,,,,,,,,,,,,,5_lx_2,2023-04-19_20h08.51.376,quest,2022.2.5,59.81855835301294,
animal,0,11,11,0,,,,,,,,,,solo,0.8,0.8,0.82,quantile,1,0,1,0,16,15,start,4,lin,0.43753035259003137,0.03738229998270981,833.491177399992,833.491177399992,833.491177399992,833.491177399992,1,0.43753035259003137,-1,left,1,,,,,,,,,,,5_lx_2,2023-04-19_20h08.51.376,quest,2022.2.5,59.81855835301294,
animal,0,11,11,0,,,,,,,,,,,,,,,,,,,,,,,,,,,,,,,,,,,,,,,,,,,,,5_lx_2,2023-04-19_20h08.51.376,quest,2022.2.5,59.81855835301294,
animal,0,11,11,0,,,,,,,,,,solo,0.8,0.8,0.82,quantile,1,0,1,0,17,16,start,4,lin,0.4274978112883983,0.03804480002145283,835.2745435000106,835.2745435000106,835.2745435000106,835.2745435000106,1,0.4274978112883983,-1,left,1,,,,,,,,,,,5_lx_2,2023-04-19_20h08.51.376,quest,2022.2.5,59.81855835301294,
animal,0,11,11,0,,,,,,,,,,,,,,,,,,,,,,,,,,,,,,,,,,,,,,,,,,,,,5_lx_2,2023-04-19_20h08.51.376,quest,2022.2.5,59.81855835301294,
animal,0,11,11,0,,,,,,,,,,solo,0.8,0.8,0.82,quantile,1,0,1,0,18,17,start,4,lin,0.418346889734196,0.03719890001229942,836.907953100017,836.907953100017,836.907953100017,836.907953100017,1,0.418346889734196,-1,left,1,,,,,,,,,,,5_lx_2,2023-04-19_20h08.51.376,quest,2022.2.5,59.81855835301294,
animal,0,11,11,0,,,,,,,,,,,,,,,,,,,,,,,,,,,,,,,,,,,,,,,,,,,,,5_lx_2,2023-04-19_20h08.51.376,quest,2022.2.5,59.81855835301294,
animal,0,11,11,0,,,,,,,,,,solo,0.8,0.8,0.82,quantile,1,0,1,0,19,18,start,4,lin,0.40992551092341634,0.044078199978685006,839.124567699997,839.124567699997,839.124567699997,839.124567699997,1,0.40992551092341634,-1,left,1,,,,,,,,,,,5_lx_2,2023-04-19_20h08.51.376,quest,2022.2.5,59.81855835301294,
animal,0,11,11,0,,,,,,,,,,,,,,,,,,,,,,,,,,,,,,,,,,,,,,,,,,,,,5_lx_2,2023-04-19_20h08.51.376,quest,2022.2.5,59.81855835301294,
animal,0,11,11,0,,,,,,,,,,solo,0.8,0.8,0.82,quantile,1,0,1,0,20,19,start,4,lin,0.40223665239003636,0.03670540000894107,840.6647172000085,840.6647172000085,840.6647172000085,840.6647172000085,1,0.40223665239003636,1,right,1,,,,,,,,,,,5_lx_2,2023-04-19_20h08.51.376,quest,2022.2.5,59.81855835301294,
animal,0,11,11,0,,,,,,,,,,,,,,,,,,,,,,,,,,,,,,,,,,,,,,,,,,,,,5_lx_2,2023-04-19_20h08.51.376,quest,2022.2.5,59.81855835301294,
animal,0,11,11,0,,,,,,,,,,solo,0.8,0.8,0.82,quantile,1,0,1,0,21,20,start,4,lin,0.39507957338516475,0.03698720000102185,843.1148609000084,843.1148609000084,843.1148609000084,843.1148609000084,1,0.39507957338516475,-1,left,1,,,,,,,,,,,5_lx_2,2023-04-19_20h08.51.376,quest,2022.2.5,59.81855835301294,
animal,0,11,11,0,,,,,,,,,,,,,,,,,,,,,,,,,,,,,,,,,,,,,,,,,,,,,5_lx_2,2023-04-19_20h08.51.376,quest,2022.2.5,59.81855835301294,
animal,0,11,11,0,,,,,,,,,,solo,0.8,0.8,0.82,quantile,1,0,1,0,22,21,start,4,lin,0.3884799197578846,0.038848399999551475,845.0414461999899,845.0414461999899,845.0414461999899,845.0414461999899,1,0.3884799197578846,1,right,1,,,,,,,,,,,5_lx_2,2023-04-19_20h08.51.376,quest,2022.2.5,59.81855835301294,
animal,0,11,11,0,,,,,,,,,,,,,,,,,,,,,,,,,,,,,,,,,,,,,,,,,,,,,5_lx_2,2023-04-19_20h08.51.376,quest,2022.2.5,59.81855835301294,
animal,0,11,11,0,,,,,,,,,,solo,0.8,0.8,0.82,quantile,1,0,1,0,23,22,start,4,lin,0.38238682411229036,0.03731980000156909,846.674763899995,846.674763899995,846.674763899995,846.674763899995,1,0.38238682411229036,1,right,1,,,,,,,,,,,5_lx_2,2023-04-19_20h08.51.376,quest,2022.2.5,59.81855835301294,
animal,0,11,11,0,,,,,,,,,,,,,,,,,,,,,,,,,,,,,,,,,,,,,,,,,,,,,5_lx_2,2023-04-19_20h08.51.376,quest,2022.2.5,59.81855835301294,
animal,0,11,11,0,,,,,,,,,,solo,0.8,0.8,0.82,quantile,1,0,1,0,24,23,start,4,lin,0.3766817568717817,0.037006899976404384,849.0914091000159,849.0914091000159,849.0914091000159,849.0914091000159,1,0.3766817568717817,-1,left,1,,,,,,,,,,,5_lx_2,2023-04-19_20h08.51.376,quest,2022.2.5,59.81855835301294,
animal,0,11,11,0,,,,,,,,,,,,,,,,,,,,,,,,,,,,,,,,,,,,,,,,,,,,,5_lx_2,2023-04-19_20h08.51.376,quest,2022.2.5,59.81855835301294,
animal,0,11,11,0,,,,,,,,,,solo,0.8,0.8,0.82,quantile,1,0,1,0,25,24,start,4,lin,0.37139049008932695,0.03694869999890216,851.4816257999919,851.4816257999919,851.4816257999919,851.4816257999919,1,0.37139049008932695,-1,left,1,,,,,,,,,,,5_lx_2,2023-04-19_20h08.51.376,quest,2022.2.5,59.81855835301294,
animal,0,11,11,0,,,,,,,,,,,,,,,,,,,,,,,,,,,,,,,,,,,,,,,,,,,,,5_lx_2,2023-04-19_20h08.51.376,quest,2022.2.5,59.81855835301294,
animal,0,11,11,0,,,,,,,,,,solo,0.8,0.8,0.82,quantile,1,0,1,0,26,25,start,4,lin,0.3665084835273715,0.03709970001364127,853.2582423000131,853.2582423000131,853.2582423000131,853.2582423000131,0,0.3665084835273715,1,right,0,,,,,,,,,,,5_lx_2,2023-04-19_20h08.51.376,quest,2022.2.5,59.81855835301294,
animal,0,11,11,0,,,,,,,,,,,,,,,,,,,,,,,,,,,,,,,,,,,,,,,,,,,,,5_lx_2,2023-04-19_20h08.51.376,quest,2022.2.5,59.81855835301294,
animal,0,11,11,0,,,,,,,,,,solo,0.8,0.8,0.82,quantile,1,0,1,0,27,26,start,4,lin,0.38793297565257956,0.0369807000097353,856.3748418000177,856.3748418000177,856.3748418000177,856.3748418000177,1,0.38793297565257956,-1,left,1,,,,,,,,,,,5_lx_2,2023-04-19_20h08.51.376,quest,2022.2.5,59.81855835301294,
animal,0,11,11,0,,,,,,,,,,,,,,,,,,,,,,,,,,,,,,,,,,,,,,,,,,,,,5_lx_2,2023-04-19_20h08.51.376,quest,2022.2.5,59.81855835301294,
animal,0,11,11,0,,,,,,,,,,solo,0.8,0.8,0.82,quantile,1,0,1,0,28,27,start,4,lin,0.38280540020330694,0.04428400000324473,858.4248284999921,858.4248284999921,858.4248284999921,858.4248284999921,1,0.38280540020330694,1,right,1,,,,,,,,,,,5_lx_2,2023-04-19_20h08.51.376,quest,2022.2.5,59.81855835301294,
animal,0,11,11,0,,,,,,,,,,,,,,,,,,,,,,,,,,,,,,,,,,,,,,,,,,,,,5_lx_2,2023-04-19_20h08.51.376,quest,2022.2.5,59.81855835301294,
animal,0,11,11,0,,,,,,,,,,solo,0.8,0.8,0.82,quantile,1,0,1,0,29,28,start,4,lin,0.3779033401449354,0.03742089998559095,860.8914855000039,860.8914855000039,860.8914855000039,860.8914855000039,1,0.3779033401449354,1,right,1,,,,,,,,,,,5_lx_2,2023-04-19_20h08.51.376,quest,2022.2.5,59.81855835301294,
animal,0,11,11,0,,,,,,,,,,,,,,,,,,,,,,,,,,,,,,,,,,,,,,,,,,,,,5_lx_2,2023-04-19_20h08.51.376,quest,2022.2.5,59.81855835301294,
animal,0,11,11,0,,,,,,,,,,solo,0.8,0.8,0.82,quantile,1,0,1,0,30,29,start,4,lin,0.37338082871091954,0.0370122000167612,863.1248083999963,863.1248083999963,863.1248083999963,863.1248083999963,1,0.37338082871091954,-1,left,1,,,,,,,,,,,5_lx_2,2023-04-19_20h08.51.376,quest,2022.2.5,59.81855835301294,
animal,0,11,11,0,,,,,,,,,,,,,,,,,,,,,,,,,,,,,,,,,,,,,,,,,,,,,5_lx_2,2023-04-19_20h08.51.376,quest,2022.2.5,59.81855835301294,
animal,0,11,11,0,,,,,,,,,,,,,,,,,,,,,,,,,,,,,,,,,,,,,,0.3578990786179425,0.04713149444977818,0.3691286142855511,,,,,5_lx_2,2023-04-19_20h08.51.376,quest,2022.2.5,59.81855835301294,
animal,0,11,11,0,,,,,,,,,,,,,,,,,,,,,,,,,,,,,,,,,,,,,,,,,,,,,5_lx_2,2023-04-19_20h08.51.376,quest,2022.2.5,59.81855835301294,
manmade,0,12,12,10,,,,,,864.1058645000157,864.1058645000157,space,12.87387090001721,solo,0.8,0.8,0.82,quantile,1,0,1,0,1,0,start,4,lin,0.8,0.053523700014920905,877.5584197000135,877.5584197000135,877.5584197000135,877.5584197000135,1,0.8,-1,left,1,,,,,,,,,,,5_lx_2,2023-04-19_20h08.51.376,quest,2022.2.5,59.81855835301294,
manmade,0,12,12,10,,,,,,,,,,,,,,,,,,,,,,,,,,,,,,,,,,,,,,,,,,,,,5_lx_2,2023-04-19_20h08.51.376,quest,2022.2.5,59.81855835301294,
manmade,0,12,12,10,,,,,,,,,,solo,0.8,0.8,0.82,quantile,1,0,1,0,2,1,start,4,lin,0.7711677739866264,0.045648800005437806,878.8084081000125,878.8084081000125,878.8084081000125,878.8084081000125,1,0.7711677739866264,-1,left,1,,,,,,,,,,,5_lx_2,2023-04-19_20h08.51.376,quest,2022.2.5,59.81855835301294,
manmade,0,12,12,10,,,,,,,,,,,,,,,,,,,,,,,,,,,,,,,,,,,,,,,,,,,,,5_lx_2,2023-04-19_20h08.51.376,quest,2022.2.5,59.81855835301294,
manmade,0,12,12,10,,,,,,,,,,solo,0.8,0.8,0.82,quantile,1,0,1,0,3,2,start,4,lin,0.6892364930809887,0.038759399991249666,879.7584063000104,879.7584063000104,879.7584063000104,879.7584063000104,1,0.6892364930809887,-1,left,1,,,,,,,,,,,5_lx_2,2023-04-19_20h08.51.376,quest,2022.2.5,59.81855835301294,
manmade,0,12,12,10,,,,,,,,,,,,,,,,,,,,,,,,,,,,,,,,,,,,,,,,,,,,,5_lx_2,2023-04-19_20h08.51.376,quest,2022.2.5,59.81855835301294,
manmade,0,12,12,10,,,,,,,,,,solo,0.8,0.8,0.82,quantile,1,0,1,0,4,3,start,4,lin,0.6252138722597939,0.04568509999080561,880.7085308000096,880.7085308000096,880.7085308000096,880.7085308000096,1,0.6252138722597939,1,right,1,,,,,,,,,,,5_lx_2,2023-04-19_20h08.51.376,quest,2022.2.5,59.81855835301294,
manmade,0,12,12,10,,,,,,,,,,,,,,,,,,,,,,,,,,,,,,,,,,,,,,,,,,,,,5_lx_2,2023-04-19_20h08.51.376,quest,2022.2.5,59.81855835301294,
manmade,0,12,12,10,,,,,,,,,,solo,0.8,0.8,0.82,quantile,1,0,1,0,5,4,start,4,lin,0.5740588781600403,0.038975700008450076,882.0318327000132,882.0318327000132,882.0318327000132,882.0318327000132,1,0.5740588781600403,1,right,1,,,,,,,,,,,5_lx_2,2023-04-19_20h08.51.376,quest,2022.2.5,59.81855835301294,
manmade,0,12,12,10,,,,,,,,,,,,,,,,,,,,,,,,,,,,,,,,,,,,,,,,,,,,,5_lx_2,2023-04-19_20h08.51.376,quest,2022.2.5,59.81855835301294,
manmade,0,12,12,10,,,,,,,,,,solo,0.8,0.8,0.82,quantile,1,0,1,0,6,5,start,4,lin,0.5312315311569114,0.03912509998190217,882.9418788999901,882.9418788999901,882.9418788999901,882.9418788999901,1,0.5312315311569114,-1,left,1,,,,,,,,,,,5_lx_2,2023-04-19_20h08.51.376,quest,2022.2.5,59.81855835301294,
manmade,0,12,12,10,,,,,,,,,,,,,,,,,,,,,,,,,,,,,,,,,,,,,,,,,,,,,5_lx_2,2023-04-19_20h08.51.376,quest,2022.2.5,59.81855835301294,
manmade,0,12,12,10,,,,,,,,,,solo,0.8,0.8,0.82,quantile,1,0,1,0,7,6,start,4,lin,0.49592477917827904,0.03935340000316501,884.0585533000121,884.0585533000121,884.0585533000121,884.0585533000121,1,0.49592477917827904,-1,left,1,,,,,,,,,,,5_lx_2,2023-04-19_20h08.51.376,quest,2022.2.5,59.81855835301294,
manmade,0,12,12,10,,,,,,,,,,,,,,,,,,,,,,,,,,,,,,,,,,,,,,,,,,,,,5_lx_2,2023-04-19_20h08.51.376,quest,2022.2.5,59.81855835301294,
manmade,0,12,12,10,,,,,,,,,,solo,0.8,0.8,0.82,quantile,1,0,1,0,8,7,start,4,lin,0.46698116941993095,0.04734590000589378,885.1419077000173,885.1419077000173,885.1419077000173,885.1419077000173,1,0.46698116941993095,1,right,1,,,,,,,,,,,5_lx_2,2023-04-19_20h08.51.376,quest,2022.2.5,59.81855835301294,
manmade,0,12,12,10,,,,,,,,,,,,,,,,,,,,,,,,,,,,,,,,,,,,,,,,,,,,,5_lx_2,2023-04-19_20h08.51.376,quest,2022.2.5,59.81855835301294,
manmade,0,12,12,10,,,,,,,,,,solo,0.8,0.8,0.82,quantile,1,0,1,0,9,8,start,4,lin,0.4430068457305388,0.03919749998021871,886.3818823000183,886.3818823000183,886.3818823000183,886.3818823000183,1,0.4430068457305388,1,right,1,,,,,,,,,,,5_lx_2,2023-04-19_20h08.51.376,quest,2022.2.5,59.81855835301294,
manmade,0,12,12,10,,,,,,,,,,,,,,,,,,,,,,,,,,,,,,,,,,,,,,,,,,,,,5_lx_2,2023-04-19_20h08.51.376,quest,2022.2.5,59.81855835301294,
manmade,0,12,12,10,,,,,,,,,,solo,0.8,0.8,0.82,quantile,1,0,1,0,10,9,start,4,lin,0.42295195219009735,0.04741379999904893,887.6418438999972,887.6418438999972,887.6418438999972,887.6418438999972,1,0.42295195219009735,-1,left,1,,,,,,,,,,,5_lx_2,2023-04-19_20h08.51.376,quest,2022.2.5,59.81855835301294,
manmade,0,12,12,10,,,,,,,,,,,,,,,,,,,,,,,,,,,,,,,,,,,,,,,,,,,,,5_lx_2,2023-04-19_20h08.51.376,quest,2022.2.5,59.81855835301294,
manmade,0,12,12,10,,,,,,,,,,solo,0.8,0.8,0.82,quantile,1,0,1,0,11,10,start,4,lin,0.4063189003109283,0.04178890000912361,888.9485790999897,888.9485790999897,888.9485790999897,888.9485790999897,1,0.4063189003109283,1,right,1,,,,,,,,,,,5_lx_2,2023-04-19_20h08.51.376,quest,2022.2.5,59.81855835301294,
manmade,0,12,12,10,,,,,,,,,,,,,,,,,,,,,,,,,,,,,,,,,,,,,,,,,,,,,5_lx_2,2023-04-19_20h08.51.376,quest,2022.2.5,59.81855835301294,
manmade,0,12,12,10,,,,,,,,,,solo,0.8,0.8,0.82,quantile,1,0,1,0,12,11,start,4,lin,0.39260237199069375,0.03931610001018271,890.3084330999991,890.3084330999991,890.3084330999991,890.3084330999991,1,0.39260237199069375,1,right,1,,,,,,,,,,,5_lx_2,2023-04-19_20h08.51.376,quest,2022.2.5,59.81855835301294,
manmade,0,12,12,10,,,,,,,,,,,,,,,,,,,,,,,,,,,,,,,,,,,,,,,,,,,,,5_lx_2,2023-04-19_20h08.51.376,quest,2022.2.5,59.81855835301294,
manmade,0,12,12,10,,,,,,,,,,solo,0.8,0.8,0.82,quantile,1,0,1,0,13,12,start,4,lin,0.38103863282156525,0.03940730000613257,891.6151740000059,891.6151740000059,891.6151740000059,891.6151740000059,1,0.38103863282156525,-1,left,1,,,,,,,,,,,5_lx_2,2023-04-19_20h08.51.376,quest,2022.2.5,59.81855835301294,
manmade,0,12,12,10,,,,,,,,,,,,,,,,,,,,,,,,,,,,,,,,,,,,,,,,,,,,,5_lx_2,2023-04-19_20h08.51.376,quest,2022.2.5,59.81855835301294,
manmade,0,12,12,10,,,,,,,,,,solo,0.8,0.8,0.82,quantile,1,0,1,0,14,13,start,4,lin,0.37139804414009503,0.047274200012907386,892.8584905000171,892.8584905000171,892.8584905000171,892.8584905000171,1,0.37139804414009503,-1,left,1,,,,,,,,,,,5_lx_2,2023-04-19_20h08.51.376,quest,2022.2.5,59.81855835301294,
manmade,0,12,12,10,,,,,,,,,,,,,,,,,,,,,,,,,,,,,,,,,,,,,,,,,,,,,5_lx_2,2023-04-19_20h08.51.376,quest,2022.2.5,59.81855835301294,
manmade,0,12,12,10,,,,,,,,,,solo,0.8,0.8,0.82,quantile,1,0,1,0,15,14,start,4,lin,0.36330902054639197,0.040611300006276,894.2485438000003,894.2485438000003,894.2485438000003,894.2485438000003,1,0.36330902054639197,1,right,1,,,,,,,,,,,5_lx_2,2023-04-19_20h08.51.376,quest,2022.2.5,59.81855835301294,
manmade,0,12,12,10,,,,,,,,,,,,,,,,,,,,,,,,,,,,,,,,,,,,,,,,,,,,,5_lx_2,2023-04-19_20h08.51.376,quest,2022.2.5,59.81855835301294,
manmade,0,12,12,10,,,,,,,,,,solo,0.8,0.8,0.82,quantile,1,0,1,0,16,15,start,4,lin,0.3563983726426918,0.04152219998650253,896.0419395999925,896.0419395999925,896.0419395999925,896.0419395999925,1,0.3563983726426918,1,right,1,,,,,,,,,,,5_lx_2,2023-04-19_20h08.51.376,quest,2022.2.5,59.81855835301294,
manmade,0,12,12,10,,,,,,,,,,,,,,,,,,,,,,,,,,,,,,,,,,,,,,,,,,,,,5_lx_2,2023-04-19_20h08.51.376,quest,2022.2.5,59.81855835301294,
manmade,0,12,12,10,,,,,,,,,,solo,0.8,0.8,0.82,quantile,1,0,1,0,17,16,start,4,lin,0.35040609561670627,0.04796849997364916,897.5419415000069,897.5419415000069,897.5419415000069,897.5419415000069,1,0.35040609561670627,1,right,1,,,,,,,,,,,5_lx_2,2023-04-19_20h08.51.376,quest,2022.2.5,59.81855835301294,
manmade,0,12,12,10,,,,,,,,,,,,,,,,,,,,,,,,,,,,,,,,,,,,,,,,,,,,,5_lx_2,2023-04-19_20h08.51.376,quest,2022.2.5,59.81855835301294,
manmade,0,12,12,10,,,,,,,,,,solo,0.8,0.8,0.82,quantile,1,0,1,0,18,17,start,4,lin,0.3454867065779402,0.04083639997406863,898.9653671999986,898.9653671999986,898.9653671999986,898.9653671999986,1,0.3454867065779402,1,right,1,,,,,,,,,,,5_lx_2,2023-04-19_20h08.51.376,quest,2022.2.5,59.81855835301294,
manmade,0,12,12,10,,,,,,,,,,,,,,,,,,,,,,,,,,,,,,,,,,,,,,,,,,,,,5_lx_2,2023-04-19_20h08.51.376,quest,2022.2.5,59.81855835301294,
manmade,0,12,12,10,,,,,,,,,,solo,0.8,0.8,0.82,quantile,1,0,1,0,19,18,start,4,lin,0.34100743337053996,0.03962419999879785,900.3420546000125,900.3420546000125,900.3420546000125,900.3420546000125,1,0.34100743337053996,1,right,1,,,,,,,,,,,5_lx_2,2023-04-19_20h08.51.376,quest,2022.2.5,59.81855835301294,
manmade,0,12,12,10,,,,,,,,,,,,,,,,,,,,,,,,,,,,,,,,,,,,,,,,,,,,,5_lx_2,2023-04-19_20h08.51.376,quest,2022.2.5,59.81855835301294,
manmade,0,12,12,10,,,,,,,,,,solo,0.8,0.8,0.82,quantile,1,0,1,0,20,19,start,4,lin,0.33728436872665474,0.039452999975765124,901.6652912000136,901.6652912000136,901.6652912000136,901.6652912000136,1,0.33728436872665474,1,right,1,,,,,,,,,,,5_lx_2,2023-04-19_20h08.51.376,quest,2022.2.5,59.81855835301294,
manmade,0,12,12,10,,,,,,,,,,,,,,,,,,,,,,,,,,,,,,,,,,,,,,,,,,,,,5_lx_2,2023-04-19_20h08.51.376,quest,2022.2.5,59.81855835301294,
manmade,0,12,12,10,,,,,,,,,,solo,0.8,0.8,0.82,quantile,1,0,1,0,21,20,start,4,lin,0.33399215061952864,0.04126009999890812,903.0586390999961,903.0586390999961,903.0586390999961,903.0586390999961,1,0.33399215061952864,-1,left,1,,,,,,,,,,,5_lx_2,2023-04-19_20h08.51.376,quest,2022.2.5,59.81855835301294,
manmade,0,12,12,10,,,,,,,,,,,,,,,,,,,,,,,,,,,,,,,,,,,,,,,,,,,,,5_lx_2,2023-04-19_20h08.51.376,quest,2022.2.5,59.81855835301294,
manmade,0,12,12,10,,,,,,,,,,solo,0.8,0.8,0.82,quantile,1,0,1,0,22,21,start,4,lin,0.33088228794403707,0.03993110000737943,904.3820571000106,904.3820571000106,904.3820571000106,904.3820571000106,1,0.33088228794403707,-1,left,1,,,,,,,,,,,5_lx_2,2023-04-19_20h08.51.376,quest,2022.2.5,59.81855835301294,
manmade,0,12,12,10,,,,,,,,,,,,,,,,,,,,,,,,,,,,,,,,,,,,,,,,,,,,,5_lx_2,2023-04-19_20h08.51.376,quest,2022.2.5,59.81855835301294,
manmade,0,12,12,10,,,,,,,,,,solo,0.8,0.8,0.82,quantile,1,0,1,0,23,22,start,4,lin,0.3283396940833741,0.03960869999718852,905.7754006000177,905.7754006000177,905.7754006000177,905.7754006000177,1,0.3283396940833741,-1,left,1,,,,,,,,,,,5_lx_2,2023-04-19_20h08.51.376,quest,2022.2.5,59.81855835301294,
manmade,0,12,12,10,,,,,,,,,,,,,,,,,,,,,,,,,,,,,,,,,,,,,,,,,,,,,5_lx_2,2023-04-19_20h08.51.376,quest,2022.2.5,59.81855835301294,
manmade,0,12,12,10,,,,,,,,,,solo,0.8,0.8,0.82,quantile,1,0,1,0,24,23,start,4,lin,0.3261353727175478,0.03994429999147542,907.1421687999973,907.1421687999973,907.1421687999973,907.1421687999973,1,0.3261353727175478,-1,left,1,,,,,,,,,,,5_lx_2,2023-04-19_20h08.51.376,quest,2022.2.5,59.81855835301294,
manmade,0,12,12,10,,,,,,,,,,,,,,,,,,,,,,,,,,,,,,,,,,,,,,,,,,,,,5_lx_2,2023-04-19_20h08.51.376,quest,2022.2.5,59.81855835301294,
manmade,0,12,12,10,,,,,,,,,,solo,0.8,0.8,0.82,quantile,1,0,1,0,25,24,start,4,lin,0.3240737287546753,0.04061240001465194,908.5487831000064,908.5487831000064,908.5487831000064,908.5487831000064,1,0.3240737287546753,1,right,1,,,,,,,,,,,5_lx_2,2023-04-19_20h08.51.376,quest,2022.2.5,59.81855835301294,
manmade,0,12,12,10,,,,,,,,,,,,,,,,,,,,,,,,,,,,,,,,,,,,,,,,,,,,,5_lx_2,2023-04-19_20h08.51.376,quest,2022.2.5,59.81855835301294,
manmade,0,12,12,10,,,,,,,,,,solo,0.8,0.8,0.82,quantile,1,0,1,0,26,25,start,4,lin,0.3221039939319435,0.04032179998466745,909.958859300008,909.958859300008,909.958859300008,909.958859300008,1,0.3221039939319435,-1,left,1,,,,,,,,,,,5_lx_2,2023-04-19_20h08.51.376,quest,2022.2.5,59.81855835301294,
manmade,0,12,12,10,,,,,,,,,,,,,,,,,,,,,,,,,,,,,,,,,,,,,,,,,,,,,5_lx_2,2023-04-19_20h08.51.376,quest,2022.2.5,59.81855835301294,
manmade,0,12,12,10,,,,,,,,,,solo,0.8,0.8,0.82,quantile,1,0,1,0,27,26,start,4,lin,0.32022351590773757,0.03944059999776073,911.3320902000123,911.3320902000123,911.3320902000123,911.3320902000123,1,0.32022351590773757,-1,left,1,,,,,,,,,,,5_lx_2,2023-04-19_20h08.51.376,quest,2022.2.5,59.81855835301294,
manmade,0,12,12,10,,,,,,,,,,,,,,,,,,,,,,,,,,,,,,,,,,,,,,,,,,,,,5_lx_2,2023-04-19_20h08.51.376,quest,2022.2.5,59.81855835301294,
manmade,0,12,12,10,,,,,,,,,,solo,0.8,0.8,0.82,quantile,1,0,1,0,28,27,start,4,lin,0.3188212370209224,0.04029919998720288,912.9420882000122,912.9420882000122,912.9420882000122,912.9420882000122,1,0.3188212370209224,1,right,1,,,,,,,,,,,5_lx_2,2023-04-19_20h08.51.376,quest,2022.2.5,59.81855835301294,
manmade,0,12,12,10,,,,,,,,,,,,,,,,,,,,,,,,,,,,,,,,,,,,,,,,,,,,,5_lx_2,2023-04-19_20h08.51.376,quest,2022.2.5,59.81855835301294,
manmade,0,12,12,10,,,,,,,,,,solo,0.8,0.8,0.82,quantile,1,0,1,0,29,28,start,4,lin,0.31756108516723347,0.03991309998673387,914.4587262000132,914.4587262000132,914.4587262000132,914.4587262000132,1,0.31756108516723347,1,right,1,,,,,,,,,,,5_lx_2,2023-04-19_20h08.51.376,quest,2022.2.5,59.81855835301294,
manmade,0,12,12,10,,,,,,,,,,,,,,,,,,,,,,,,,,,,,,,,,,,,,,,,,,,,,5_lx_2,2023-04-19_20h08.51.376,quest,2022.2.5,59.81855835301294,
manmade,0,12,12,10,,,,,,,,,,solo,0.8,0.8,0.82,quantile,1,0,1,0,30,29,start,4,lin,0.3163753027438346,0.03913960000500083,915.798762099992,915.798762099992,915.798762099992,915.798762099992,1,0.3163753027438346,-1,left,1,,,,,,,,,,,5_lx_2,2023-04-19_20h08.51.376,quest,2022.2.5,59.81855835301294,
manmade,0,12,12,10,,,,,,,,,,,,,,,,,,,,,,,,,,,,,,,,,,,,,,,,,,,,,5_lx_2,2023-04-19_20h08.51.376,quest,2022.2.5,59.81855835301294,
manmade,0,12,12,10,,,,,,,,,,,,,,,,,,,,,,,,,,,,,,,,,,,,,,0.3095727204475381,0.025448046774356872,0.3222196365425207,,,,,5_lx_2,2023-04-19_20h08.51.376,quest,2022.2.5,59.81855835301294,
manmade,0,12,12,10,,,,,,,,,,,,,,,,,,,,,,,,,,,,,,,,,,,,,,,,,,,,,5_lx_2,2023-04-19_20h08.51.376,quest,2022.2.5,59.81855835301294,
ushadow,0,13,13,13,,,,,,916.8733257999993,916.8733257999993,space,2.6663696999894455,solo,0.8,0.8,0.82,quantile,1,0,1,0,1,0,start,4,lin,0.8,0.05816519999643788,920.1156296000117,920.1156296000117,920.1156296000117,920.1156296000117,1,0.8,1,right,1,,,,,,,,,,,5_lx_2,2023-04-19_20h08.51.376,quest,2022.2.5,59.81855835301294,
ushadow,0,13,13,13,,,,,,,,,,,,,,,,,,,,,,,,,,,,,,,,,,,,,,,,,,,,,5_lx_2,2023-04-19_20h08.51.376,quest,2022.2.5,59.81855835301294,
ushadow,0,13,13,13,,,,,,,,,,solo,0.8,0.8,0.82,quantile,1,0,1,0,2,1,start,4,lin,0.7711677739866264,0.03819140000268817,921.1589867000002,921.1589867000002,921.1589867000002,921.1589867000002,1,0.7711677739866264,1,right,1,,,,,,,,,,,5_lx_2,2023-04-19_20h08.51.376,quest,2022.2.5,59.81855835301294,
ushadow,0,13,13,13,,,,,,,,,,,,,,,,,,,,,,,,,,,,,,,,,,,,,,,,,,,,,5_lx_2,2023-04-19_20h08.51.376,quest,2022.2.5,59.81855835301294,
ushadow,0,13,13,13,,,,,,,,,,solo,0.8,0.8,0.82,quantile,1,0,1,0,3,2,start,4,lin,0.6892364930809887,0.03838270000414923,922.3156014000124,922.3156014000124,922.3156014000124,922.3156014000124,1,0.6892364930809887,-1,left,1,,,,,,,,,,,5_lx_2,2023-04-19_20h08.51.376,quest,2022.2.5,59.81855835301294,
ushadow,0,13,13,13,,,,,,,,,,,,,,,,,,,,,,,,,,,,,,,,,,,,,,,,,,,,,5_lx_2,2023-04-19_20h08.51.376,quest,2022.2.5,59.81855835301294,
ushadow,0,13,13,13,,,,,,,,,,solo,0.8,0.8,0.82,quantile,1,0,1,0,4,3,start,4,lin,0.6252138722597939,0.03895399998873472,923.6757298000157,923.6757298000157,923.6757298000157,923.6757298000157,1,0.6252138722597939,1,right,1,,,,,,,,,,,5_lx_2,2023-04-19_20h08.51.376,quest,2022.2.5,59.81855835301294,
ushadow,0,13,13,13,,,,,,,,,,,,,,,,,,,,,,,,,,,,,,,,,,,,,,,,,,,,,5_lx_2,2023-04-19_20h08.51.376,quest,2022.2.5,59.81855835301294,
ushadow,0,13,13,13,,,,,,,,,,solo,0.8,0.8,0.82,quantile,1,0,1,0,5,4,start,4,lin,0.5740588781600403,0.04000820001238026,924.832326600008,924.832326600008,924.832326600008,924.832326600008,1,0.5740588781600403,1,right,1,,,,,,,,,,,5_lx_2,2023-04-19_20h08.51.376,quest,2022.2.5,59.81855835301294,
ushadow,0,13,13,13,,,,,,,,,,,,,,,,,,,,,,,,,,,,,,,,,,,,,,,,,,,,,5_lx_2,2023-04-19_20h08.51.376,quest,2022.2.5,59.81855835301294,
ushadow,0,13,13,13,,,,,,,,,,solo,0.8,0.8,0.82,quantile,1,0,1,0,6,5,start,4,lin,0.5312315311569114,0.04118299999390729,926.2090890000109,926.2090890000109,926.2090890000109,926.2090890000109,1,0.5312315311569114,1,right,1,,,,,,,,,,,5_lx_2,2023-04-19_20h08.51.376,quest,2022.2.5,59.81855835301294,
ushadow,0,13,13,13,,,,,,,,,,,,,,,,,,,,,,,,,,,,,,,,,,,,,,,,,,,,,5_lx_2,2023-04-19_20h08.51.376,quest,2022.2.5,59.81855835301294,
ushadow,0,13,13,13,,,,,,,,,,solo,0.8,0.8,0.82,quantile,1,0,1,0,7,6,start,4,lin,0.49592477917827904,0.04470290002063848,928.209001500014,928.209001500014,928.209001500014,928.209001500014,1,0.49592477917827904,1,right,1,,,,,,,,,,,5_lx_2,2023-04-19_20h08.51.376,quest,2022.2.5,59.81855835301294,
ushadow,0,13,13,13,,,,,,,,,,,,,,,,,,,,,,,,,,,,,,,,,,,,,,,,,,,,,5_lx_2,2023-04-19_20h08.51.376,quest,2022.2.5,59.81855835301294,
ushadow,0,13,13,13,,,,,,,,,,solo,0.8,0.8,0.82,quantile,1,0,1,0,8,7,start,4,lin,0.46698116941993095,0.04510729998582974,930.1922287000052,930.1922287000052,930.1922287000052,930.1922287000052,1,0.46698116941993095,-1,left,1,,,,,,,,,,,5_lx_2,2023-04-19_20h08.51.376,quest,2022.2.5,59.81855835301294,
ushadow,0,13,13,13,,,,,,,,,,,,,,,,,,,,,,,,,,,,,,,,,,,,,,,,,,,,,5_lx_2,2023-04-19_20h08.51.376,quest,2022.2.5,59.81855835301294,
ushadow,0,13,13,13,,,,,,,,,,solo,0.8,0.8,0.82,quantile,1,0,1,0,9,8,start,4,lin,0.4430068457305388,0.03962999998475425,931.6923205000057,931.6923205000057,931.6923205000057,931.6923205000057,1,0.4430068457305388,1,right,1,,,,,,,,,,,5_lx_2,2023-04-19_20h08.51.376,quest,2022.2.5,59.81855835301294,
ushadow,0,13,13,13,,,,,,,,,,,,,,,,,,,,,,,,,,,,,,,,,,,,,,,,,,,,,5_lx_2,2023-04-19_20h08.51.376,quest,2022.2.5,59.81855835301294,
ushadow,0,13,13,13,,,,,,,,,,solo,0.8,0.8,0.82,quantile,1,0,1,0,10,9,start,4,lin,0.42295195219009735,0.03816480000386946,933.3823986999923,933.3823986999923,933.3823986999923,933.3823986999923,1,0.42295195219009735,1,right,1,,,,,,,,,,,5_lx_2,2023-04-19_20h08.51.376,quest,2022.2.5,59.81855835301294,
ushadow,0,13,13,13,,,,,,,,,,,,,,,,,,,,,,,,,,,,,,,,,,,,,,,,,,,,,5_lx_2,2023-04-19_20h08.51.376,quest,2022.2.5,59.81855835301294,
ushadow,0,13,13,13,,,,,,,,,,solo,0.8,0.8,0.82,quantile,1,0,1,0,11,10,start,4,lin,0.4063189003109283,0.039381700014928356,935.582416499994,935.582416499994,935.582416499994,935.582416499994,1,0.4063189003109283,1,right,1,,,,,,,,,,,5_lx_2,2023-04-19_20h08.51.376,quest,2022.2.5,59.81855835301294,
ushadow,0,13,13,13,,,,,,,,,,,,,,,,,,,,,,,,,,,,,,,,,,,,,,,,,,,,,5_lx_2,2023-04-19_20h08.51.376,quest,2022.2.5,59.81855835301294,
ushadow,0,13,13,13,,,,,,,,,,solo,0.8,0.8,0.82,quantile,1,0,1,0,12,11,start,4,lin,0.39260237199069375,0.0390989999868907,937.7657278999977,937.7657278999977,937.7657278999977,937.7657278999977,1,0.39260237199069375,1,right,1,,,,,,,,,,,5_lx_2,2023-04-19_20h08.51.376,quest,2022.2.5,59.81855835301294,
ushadow,0,13,13,13,,,,,,,,,,,,,,,,,,,,,,,,,,,,,,,,,,,,,,,,,,,,,5_lx_2,2023-04-19_20h08.51.376,quest,2022.2.5,59.81855835301294,
ushadow,0,13,13,13,,,,,,,,,,solo,0.8,0.8,0.82,quantile,1,0,1,0,13,12,start,4,lin,0.38103863282156525,0.03831229999195784,940.1324569999997,940.1324569999997,940.1324569999997,940.1324569999997,1,0.38103863282156525,-1,left,1,943.1431415000116,943.1431415000116,943.1431415000116,,,,,,,,5_lx_2,2023-04-19_20h08.51.376,quest,2022.2.5,59.81855835301294,
ushadow,0,13,13,13,,,,,,,,,,,,,,,,,,,,,,,,,,,,,,,,,,,,,,,,,,,,,5_lx_2,2023-04-19_20h08.51.376,quest,2022.2.5,59.81855835301294,
ushadow,0,13,13,13,,,,,,,,,,solo,0.8,0.8,0.82,quantile,1,0,1,0,14,13,start,4,lin,0.37139804414009503,0.03890590000082739,944.6659528000164,944.6659528000164,944.6659528000164,944.6659528000164,1,0.37139804414009503,1,right,1,,,,,,,,,,,5_lx_2,2023-04-19_20h08.51.376,quest,2022.2.5,59.81855835301294,
ushadow,0,13,13,13,,,,,,,,,,,,,,,,,,,,,,,,,,,,,,,,,,,,,,,,,,,,,5_lx_2,2023-04-19_20h08.51.376,quest,2022.2.5,59.81855835301294,
ushadow,0,13,13,13,,,,,,,,,,solo,0.8,0.8,0.82,quantile,1,0,1,0,15,14,start,4,lin,0.36330902054639197,0.03821760002756491,946.8325759000145,946.8325759000145,946.8325759000145,946.8325759000145,1,0.36330902054639197,1,right,1,,,,,,,,,,,5_lx_2,2023-04-19_20h08.51.376,quest,2022.2.5,59.81855835301294,
ushadow,0,13,13,13,,,,,,,,,,,,,,,,,,,,,,,,,,,,,,,,,,,,,,,,,,,,,5_lx_2,2023-04-19_20h08.51.376,quest,2022.2.5,59.81855835301294,
ushadow,0,13,13,13,,,,,,,,,,solo,0.8,0.8,0.82,quantile,1,0,1,0,16,15,start,4,lin,0.3563983726426918,0.03793489999952726,948.092621799995,948.092621799995,948.092621799995,948.092621799995,0,0.3563983726426918,-1,left,0,,,,,,,,,,,5_lx_2,2023-04-19_20h08.51.376,quest,2022.2.5,59.81855835301294,
ushadow,0,13,13,13,,,,,,,,,,,,,,,,,,,,,,,,,,,,,,,,,,,,,,,,,,,,,5_lx_2,2023-04-19_20h08.51.376,quest,2022.2.5,59.81855835301294,
ushadow,0,13,13,13,,,,,,,,,,solo,0.8,0.8,0.82,quantile,1,0,1,0,17,16,start,4,lin,0.38610764649137896,0.03946060000453144,951.3493167000124,951.3493167000124,951.3493167000124,951.3493167000124,1,0.38610764649137896,1,right,1,,,,,,,,,,,5_lx_2,2023-04-19_20h08.51.376,quest,2022.2.5,59.81855835301294,
ushadow,0,13,13,13,,,,,,,,,,,,,,,,,,,,,,,,,,,,,,,,,,,,,,,,,,,,,5_lx_2,2023-04-19_20h08.51.376,quest,2022.2.5,59.81855835301294,
ushadow,0,13,13,13,,,,,,,,,,solo,0.8,0.8,0.82,quantile,1,0,1,0,18,17,start,4,lin,0.3776250940825506,0.0383274000196252,952.8256830000028,952.8256830000028,952.8256830000028,952.8256830000028,0,0.3776250940825506,-1,left,0,,,,,,,,,,,5_lx_2,2023-04-19_20h08.51.376,quest,2022.2.5,59.81855835301294,
ushadow,0,13,13,13,,,,,,,,,,,,,,,,,,,,,,,,,,,,,,,,,,,,,,,,,,,,,5_lx_2,2023-04-19_20h08.51.376,quest,2022.2.5,59.81855835301294,
ushadow,0,13,13,13,,,,,,,,,,solo,0.8,0.8,0.82,quantile,1,0,1,0,19,18,start,4,lin,0.41347715473460167,0.04572209998150356,955.9158179000078,955.9158179000078,955.9158179000078,955.9158179000078,1,0.41347715473460167,-1,left,1,,,,,,,,,,,5_lx_2,2023-04-19_20h08.51.376,quest,2022.2.5,59.81855835301294,
ushadow,0,13,13,13,,,,,,,,,,,,,,,,,,,,,,,,,,,,,,,,,,,,,,,,,,,,,5_lx_2,2023-04-19_20h08.51.376,quest,2022.2.5,59.81855835301294,
ushadow,0,13,13,13,,,,,,,,,,solo,0.8,0.8,0.82,quantile,1,0,1,0,20,19,start,4,lin,0.4038929553265733,0.044874100014567375,958.8424620000005,958.8424620000005,958.8424620000005,958.8424620000005,1,0.4038929553265733,-1,left,1,,,,,,,,,,,5_lx_2,2023-04-19_20h08.51.376,quest,2022.2.5,59.81855835301294,
ushadow,0,13,13,13,,,,,,,,,,,,,,,,,,,,,,,,,,,,,,,,,,,,,,,,,,,,,5_lx_2,2023-04-19_20h08.51.376,quest,2022.2.5,59.81855835301294,
ushadow,0,13,13,13,,,,,,,,,,solo,0.8,0.8,0.82,quantile,1,0,1,0,21,20,start,4,lin,0.39538255654745924,0.04472239999449812,961.0590570000059,961.0590570000059,961.0590570000059,961.0590570000059,1,0.39538255654745924,1,right,1,,,,,,,,,,,5_lx_2,2023-04-19_20h08.51.376,quest,2022.2.5,59.81855835301294,
ushadow,0,13,13,13,,,,,,,,,,,,,,,,,,,,,,,,,,,,,,,,,,,,,,,,,,,,,5_lx_2,2023-04-19_20h08.51.376,quest,2022.2.5,59.81855835301294,
ushadow,0,13,13,13,,,,,,,,,,solo,0.8,0.8,0.82,quantile,1,0,1,0,22,21,start,4,lin,0.3878467460042497,0.03793679998489097,964.3158695000166,964.3158695000166,964.3158695000166,964.3158695000166,1,0.3878467460042497,1,right,1,,,,,,,,,,,5_lx_2,2023-04-19_20h08.51.376,quest,2022.2.5,59.81855835301294,
ushadow,0,13,13,13,,,,,,,,,,,,,,,,,,,,,,,,,,,,,,,,,,,,,,,,,,,,,5_lx_2,2023-04-19_20h08.51.376,quest,2022.2.5,59.81855835301294,
ushadow,0,13,13,13,,,,,,,,,,solo,0.8,0.8,0.82,quantile,1,0,1,0,23,22,start,4,lin,0.38105133088660076,0.03808470000512898,966.2092089999933,966.2092089999933,966.2092089999933,966.2092089999933,0,0.38105133088660076,-1,left,0,,,,,,,,,,,5_lx_2,2023-04-19_20h08.51.376,quest,2022.2.5,59.81855835301294,
ushadow,0,13,13,13,,,,,,,,,,,,,,,,,,,,,,,,,,,,,,,,,,,,,,,,,,,,,5_lx_2,2023-04-19_20h08.51.376,quest,2022.2.5,59.81855835301294,
ushadow,0,13,13,13,,,,,,,,,,solo,0.8,0.8,0.82,quantile,1,0,1,0,24,23,start,4,lin,0.40933122701257496,0.0388385999831371,968.5158753000142,968.5158753000142,968.5158753000142,968.5158753000142,1,0.40933122701257496,1,right,1,,,,,,,,,,,5_lx_2,2023-04-19_20h08.51.376,quest,2022.2.5,59.81855835301294,
ushadow,0,13,13,13,,,,,,,,,,,,,,,,,,,,,,,,,,,,,,,,,,,,,,,,,,,,,5_lx_2,2023-04-19_20h08.51.376,quest,2022.2.5,59.81855835301294,
ushadow,0,13,13,13,,,,,,,,,,solo,0.8,0.8,0.82,quantile,1,0,1,0,25,24,start,4,lin,0.4020965166503244,0.038267699972493574,970.125881999993,970.125881999993,970.125881999993,970.125881999993,1,0.4020965166503244,1,right,1,,,,,,,,,,,5_lx_2,2023-04-19_20h08.51.376,quest,2022.2.5,59.81855835301294,
ushadow,0,13,13,13,,,,,,,,,,,,,,,,,,,,,,,,,,,,,,,,,,,,,,,,,,,,,5_lx_2,2023-04-19_20h08.51.376,quest,2022.2.5,59.81855835301294,
ushadow,0,13,13,13,,,,,,,,,,solo,0.8,0.8,0.82,quantile,1,0,1,0,26,25,start,4,lin,0.395472754472345,0.038290100026642904,972.0591661999933,972.0591661999933,972.0591661999933,972.0591661999933,1,0.395472754472345,-1,left,1,,,,,,,,,,,5_lx_2,2023-04-19_20h08.51.376,quest,2022.2.5,59.81855835301294,
ushadow,0,13,13,13,,,,,,,,,,,,,,,,,,,,,,,,,,,,,,,,,,,,,,,,,,,,,5_lx_2,2023-04-19_20h08.51.376,quest,2022.2.5,59.81855835301294,
ushadow,0,13,13,13,,,,,,,,,,solo,0.8,0.8,0.82,quantile,1,0,1,0,27,26,start,4,lin,0.3893776458331534,0.039270800014492124,974.8660655000131,974.8660655000131,974.8660655000131,974.8660655000131,1,0.3893776458331534,-1,left,1,,,,,,,,,,,5_lx_2,2023-04-19_20h08.51.376,quest,2022.2.5,59.81855835301294,
ushadow,0,13,13,13,,,,,,,,,,,,,,,,,,,,,,,,,,,,,,,,,,,,,,,,,,,,,5_lx_2,2023-04-19_20h08.51.376,quest,2022.2.5,59.81855835301294,
ushadow,0,13,13,13,,,,,,,,,,solo,0.8,0.8,0.82,quantile,1,0,1,0,28,27,start,4,lin,0.3838757473533188,0.0379448999883607,976.8260695000063,976.8260695000063,976.8260695000063,976.8260695000063,1,0.3838757473533188,1,right,1,,,,,,,,,,,5_lx_2,2023-04-19_20h08.51.376,quest,2022.2.5,59.81855835301294,
ushadow,0,13,13,13,,,,,,,,,,,,,,,,,,,,,,,,,,,,,,,,,,,,,,,,,,,,,5_lx_2,2023-04-19_20h08.51.376,quest,2022.2.5,59.81855835301294,
ushadow,0,13,13,13,,,,,,,,,,solo,0.8,0.8,0.82,quantile,1,0,1,0,29,28,start,4,lin,0.3786296052480424,0.03843690000940114,978.5426611000148,978.5426611000148,978.5426611000148,978.5426611000148,1,0.3786296052480424,1,right,1,,,,,,,,,,,5_lx_2,2023-04-19_20h08.51.376,quest,2022.2.5,59.81855835301294,
ushadow,0,13,13,13,,,,,,,,,,,,,,,,,,,,,,,,,,,,,,,,,,,,,,,,,,,,,5_lx_2,2023-04-19_20h08.51.376,quest,2022.2.5,59.81855835301294,
ushadow,0,13,13,13,,,,,,,,,,solo,0.8,0.8,0.82,quantile,1,0,1,0,30,29,start,4,lin,0.37391158155182663,0.0384411999839358,980.9660002000164,980.9660002000164,980.9660002000164,980.9660002000164,1,0.37391158155182663,1,right,1,,,,,,,,,,,5_lx_2,2023-04-19_20h08.51.376,quest,2022.2.5,59.81855835301294,
ushadow,0,13,13,13,,,,,,,,,,,,,,,,,,,,,,,,,,,,,,,,,,,,,,,,,,,,,5_lx_2,2023-04-19_20h08.51.376,quest,2022.2.5,59.81855835301294,
ushadow,0,13,13,13,,,,,,,,,,,,,,,,,,,,,,,,,,,,,,,,,,,,,,0.35822417752657965,0.04878005108171347,0.3702862073776879,,,,,5_lx_2,2023-04-19_20h08.51.376,quest,2022.2.5,59.81855835301294,
ushadow,0,13,13,13,,,,,,,,,,,,,,,,,,,,,,,,,,,,,,,,,,,,,,,,,,,,,5_lx_2,2023-04-19_20h08.51.376,quest,2022.2.5,59.81855835301294,
landscape,0,14,14,8,,,,,,983.6232612000022,983.6232612000022,space,2.5001336999994237,solo,0.8,0.8,0.82,quantile,1,0,1,0,1,0,start,4,lin,0.8,0.049878999998327345,986.6925468000118,986.6925468000118,986.6925468000118,986.6925468000118,1,0.8,1,right,1,,,,,,,,,,,5_lx_2,2023-04-19_20h08.51.376,quest,2022.2.5,59.81855835301294,
landscape,0,14,14,8,,,,,,,,,,,,,,,,,,,,,,,,,,,,,,,,,,,,,,,,,,,,,5_lx_2,2023-04-19_20h08.51.376,quest,2022.2.5,59.81855835301294,
landscape,0,14,14,8,,,,,,,,,,solo,0.8,0.8,0.82,quantile,1,0,1,0,2,1,start,4,lin,0.7711677739866264,0.03950119999353774,987.8327296999923,987.8327296999923,987.8327296999923,987.8327296999923,1,0.7711677739866264,1,right,1,,,,,,,,,,,5_lx_2,2023-04-19_20h08.51.376,quest,2022.2.5,59.81855835301294,
landscape,0,14,14,8,,,,,,,,,,,,,,,,,,,,,,,,,,,,,,,,,,,,,,,,,,,,,5_lx_2,2023-04-19_20h08.51.376,quest,2022.2.5,59.81855835301294,
landscape,0,14,14,8,,,,,,,,,,solo,0.8,0.8,0.82,quantile,1,0,1,0,3,2,start,4,lin,0.6892364930809887,0.048025800002506,988.8895542999962,988.8895542999962,988.8895542999962,988.8895542999962,1,0.6892364930809887,1,right,1,,,,,,,,,,,5_lx_2,2023-04-19_20h08.51.376,quest,2022.2.5,59.81855835301294,
landscape,0,14,14,8,,,,,,,,,,,,,,,,,,,,,,,,,,,,,,,,,,,,,,,,,,,,,5_lx_2,2023-04-19_20h08.51.376,quest,2022.2.5,59.81855835301294,
landscape,0,14,14,8,,,,,,,,,,solo,0.8,0.8,0.82,quantile,1,0,1,0,4,3,start,4,lin,0.6252138722597939,0.04142429999774322,989.822893900011,989.822893900011,989.822893900011,989.822893900011,1,0.6252138722597939,-1,left,1,,,,,,,,,,,5_lx_2,2023-04-19_20h08.51.376,quest,2022.2.5,59.81855835301294,
landscape,0,14,14,8,,,,,,,,,,,,,,,,,,,,,,,,,,,,,,,,,,,,,,,,,,,,,5_lx_2,2023-04-19_20h08.51.376,quest,2022.2.5,59.81855835301294,
landscape,0,14,14,8,,,,,,,,,,solo,0.8,0.8,0.82,quantile,1,0,1,0,5,4,start,4,lin,0.5740588781600403,0.03964030000497587,991.2264463000174,991.2264463000174,991.2264463000174,991.2264463000174,1,0.5740588781600403,1,right,1,,,,,,,,,,,5_lx_2,2023-04-19_20h08.51.376,quest,2022.2.5,59.81855835301294,
landscape,0,14,14,8,,,,,,,,,,,,,,,,,,,,,,,,,,,,,,,,,,,,,,,,,,,,,5_lx_2,2023-04-19_20h08.51.376,quest,2022.2.5,59.81855835301294,
landscape,0,14,14,8,,,,,,,,,,solo,0.8,0.8,0.82,quantile,1,0,1,0,6,5,start,4,lin,0.5312315311569114,0.039799800026230514,992.5427113999904,992.5427113999904,992.5427113999904,992.5427113999904,1,0.5312315311569114,-1,left,1,,,,,,,,,,,5_lx_2,2023-04-19_20h08.51.376,quest,2022.2.5,59.81855835301294,
landscape,0,14,14,8,,,,,,,,,,,,,,,,,,,,,,,,,,,,,,,,,,,,,,,,,,,,,5_lx_2,2023-04-19_20h08.51.376,quest,2022.2.5,59.81855835301294,
landscape,0,14,14,8,,,,,,,,,,solo,0.8,0.8,0.82,quantile,1,0,1,0,7,6,start,4,lin,0.49592477917827904,0.040018999978201464,993.8162881000026,993.8162881000026,993.8162881000026,993.8162881000026,1,0.49592477917827904,-1,left,1,,,,,,,,,,,5_lx_2,2023-04-19_20h08.51.376,quest,2022.2.5,59.81855835301294,
landscape,0,14,14,8,,,,,,,,,,,,,,,,,,,,,,,,,,,,,,,,,,,,,,,,,,,,,5_lx_2,2023-04-19_20h08.51.376,quest,2022.2.5,59.81855835301294,
landscape,0,14,14,8,,,,,,,,,,solo,0.8,0.8,0.82,quantile,1,0,1,0,8,7,start,4,lin,0.46698116941993095,0.04732079998939298,995.1757726999931,995.1757726999931,995.1757726999931,995.1757726999931,1,0.46698116941993095,1,right,1,,,,,,,,,,,5_lx_2,2023-04-19_20h08.51.376,quest,2022.2.5,59.81855835301294,
landscape,0,14,14,8,,,,,,,,,,,,,,,,,,,,,,,,,,,,,,,,,,,,,,,,,,,,,5_lx_2,2023-04-19_20h08.51.376,quest,2022.2.5,59.81855835301294,
landscape,0,14,14,8,,,,,,,,,,solo,0.8,0.8,0.82,quantile,1,0,1,0,9,8,start,4,lin,0.4430068457305388,0.03971839998848736,996.4328527000034,996.4328527000034,996.4328527000034,996.4328527000034,1,0.4430068457305388,-1,left,1,,,,,,,,,,,5_lx_2,2023-04-19_20h08.51.376,quest,2022.2.5,59.81855835301294,
landscape,0,14,14,8,,,,,,,,,,,,,,,,,,,,,,,,,,,,,,,,,,,,,,,,,,,,,5_lx_2,2023-04-19_20h08.51.376,quest,2022.2.5,59.81855835301294,
landscape,0,14,14,8,,,,,,,,,,solo,0.8,0.8,0.82,quantile,1,0,1,0,10,9,start,4,lin,0.42295195219009735,0.03950730001088232,997.6757997999957,997.6757997999957,997.6757997999957,997.6757997999957,1,0.42295195219009735,1,right,1,,,,,,,,,,,5_lx_2,2023-04-19_20h08.51.376,quest,2022.2.5,59.81855835301294,
landscape,0,14,14,8,,,,,,,,,,,,,,,,,,,,,,,,,,,,,,,,,,,,,,,,,,,,,5_lx_2,2023-04-19_20h08.51.376,quest,2022.2.5,59.81855835301294,
landscape,0,14,14,8,,,,,,,,,,solo,0.8,0.8,0.82,quantile,1,0,1,0,11,10,start,4,lin,0.4063189003109283,0.0394279999891296,998.982643299998,998.982643299998,998.982643299998,998.982643299998,1,0.4063189003109283,-1,left,1,,,,,,,,,,,5_lx_2,2023-04-19_20h08.51.376,quest,2022.2.5,59.81855835301294,
landscape,0,14,14,8,,,,,,,,,,,,,,,,,,,,,,,,,,,,,,,,,,,,,,,,,,,,,5_lx_2,2023-04-19_20h08.51.376,quest,2022.2.5,59.81855835301294,
landscape,0,14,14,8,,,,,,,,,,solo,0.8,0.8,0.82,quantile,1,0,1,0,12,11,start,4,lin,0.39260237199069375,0.049256699974648654,1000.642466099991,1000.642466099991,1000.642466099991,1000.642466099991,1,0.39260237199069375,-1,left,1,,,,,,,,,,,5_lx_2,2023-04-19_20h08.51.376,quest,2022.2.5,59.81855835301294,
landscape,0,14,14,8,,,,,,,,,,,,,,,,,,,,,,,,,,,,,,,,,,,,,,,,,,,,,5_lx_2,2023-04-19_20h08.51.376,quest,2022.2.5,59.81855835301294,
landscape,0,14,14,8,,,,,,,,,,solo,0.8,0.8,0.82,quantile,1,0,1,0,13,12,start,4,lin,0.38103863282156525,0.039633600012166426,1002.2591112999944,1002.2591112999944,1002.2591112999944,1002.2591112999944,1,0.38103863282156525,1,right,1,,,,,,,,,,,5_lx_2,2023-04-19_20h08.51.376,quest,2022.2.5,59.81855835301294,
landscape,0,14,14,8,,,,,,,,,,,,,,,,,,,,,,,,,,,,,,,,,,,,,,,,,,,,,5_lx_2,2023-04-19_20h08.51.376,quest,2022.2.5,59.81855835301294,
landscape,0,14,14,8,,,,,,,,,,solo,0.8,0.8,0.82,quantile,1,0,1,0,14,13,start,4,lin,0.37139804414009503,0.04032440000446513,1004.9424770000041,1004.9424770000041,1004.9424770000041,1004.9424770000041,1,0.37139804414009503,-1,left,1,,,,,,,,,,,5_lx_2,2023-04-19_20h08.51.376,quest,2022.2.5,59.81855835301294,
landscape,0,14,14,8,,,,,,,,,,,,,,,,,,,,,,,,,,,,,,,,,,,,,,,,,,,,,5_lx_2,2023-04-19_20h08.51.376,quest,2022.2.5,59.81855835301294,
landscape,0,14,14,8,,,,,,,,,,solo,0.8,0.8,0.82,quantile,1,0,1,0,15,14,start,4,lin,0.36330902054639197,0.04728569998405874,1006.4092153999954,1006.4092153999954,1006.4092153999954,1006.4092153999954,1,0.36330902054639197,1,right,1,,,,,,,,,,,5_lx_2,2023-04-19_20h08.51.376,quest,2022.2.5,59.81855835301294,
landscape,0,14,14,8,,,,,,,,,,,,,,,,,,,,,,,,,,,,,,,,,,,,,,,,,,,,,5_lx_2,2023-04-19_20h08.51.376,quest,2022.2.5,59.81855835301294,
landscape,0,14,14,8,,,,,,,,,,solo,0.8,0.8,0.82,quantile,1,0,1,0,16,15,start,4,lin,0.3563983726426918,0.04733570001553744,1008.2759030000016,1008.2759030000016,1008.2759030000016,1008.2759030000016,1,0.3563983726426918,-1,left,1,,,,,,,,,,,5_lx_2,2023-04-19_20h08.51.376,quest,2022.2.5,59.81855835301294,
landscape,0,14,14,8,,,,,,,,,,,,,,,,,,,,,,,,,,,,,,,,,,,,,,,,,,,,,5_lx_2,2023-04-19_20h08.51.376,quest,2022.2.5,59.81855835301294,
landscape,0,14,14,8,,,,,,,,,,solo,0.8,0.8,0.82,quantile,1,0,1,0,17,16,start,4,lin,0.35040609561670627,0.047257900005206466,1010.0592120999936,1010.0592120999936,1010.0592120999936,1010.0592120999936,1,0.35040609561670627,1,right,1,,,,,,,,,,,5_lx_2,2023-04-19_20h08.51.376,quest,2022.2.5,59.81855835301294,
landscape,0,14,14,8,,,,,,,,,,,,,,,,,,,,,,,,,,,,,,,,,,,,,,,,,,,,,5_lx_2,2023-04-19_20h08.51.376,quest,2022.2.5,59.81855835301294,
landscape,0,14,14,8,,,,,,,,,,solo,0.8,0.8,0.82,quantile,1,0,1,0,18,17,start,4,lin,0.3454867065779402,0.039267899992410094,1011.8090769000119,1011.8090769000119,1011.8090769000119,1011.8090769000119,1,0.3454867065779402,-1,left,1,,,,,,,,,,,5_lx_2,2023-04-19_20h08.51.376,quest,2022.2.5,59.81855835301294,
landscape,0,14,14,8,,,,,,,,,,,,,,,,,,,,,,,,,,,,,,,,,,,,,,,,,,,,,5_lx_2,2023-04-19_20h08.51.376,quest,2022.2.5,59.81855835301294,
landscape,0,14,14,8,,,,,,,,,,solo,0.8,0.8,0.82,quantile,1,0,1,0,19,18,start,4,lin,0.34100743337053996,0.03993480000644922,1013.6662741000182,1013.6662741000182,1013.6662741000182,1013.6662741000182,1,0.34100743337053996,1,right,1,,,,,,,,,,,5_lx_2,2023-04-19_20h08.51.376,quest,2022.2.5,59.81855835301294,
landscape,0,14,14,8,,,,,,,,,,,,,,,,,,,,,,,,,,,,,,,,,,,,,,,,,,,,,5_lx_2,2023-04-19_20h08.51.376,quest,2022.2.5,59.81855835301294,
landscape,0,14,14,8,,,,,,,,,,solo,0.8,0.8,0.82,quantile,1,0,1,0,20,19,start,4,lin,0.33728436872665474,0.0398568999953568,1015.2592539000034,1015.2592539000034,1015.2592539000034,1015.2592539000034,1,0.33728436872665474,1,right,1,,,,,,,,,,,5_lx_2,2023-04-19_20h08.51.376,quest,2022.2.5,59.81855835301294,
landscape,0,14,14,8,,,,,,,,,,,,,,,,,,,,,,,,,,,,,,,,,,,,,,,,,,,,,5_lx_2,2023-04-19_20h08.51.376,quest,2022.2.5,59.81855835301294,
landscape,0,14,14,8,,,,,,,,,,solo,0.8,0.8,0.82,quantile,1,0,1,0,21,20,start,4,lin,0.33399215061952864,0.042202600016025826,1017.6258705999935,1017.6258705999935,1017.6258705999935,1017.6258705999935,1,0.33399215061952864,-1,left,1,,,,,,,,,,,5_lx_2,2023-04-19_20h08.51.376,quest,2022.2.5,59.81855835301294,
landscape,0,14,14,8,,,,,,,,,,,,,,,,,,,,,,,,,,,,,,,,,,,,,,,,,,,,,5_lx_2,2023-04-19_20h08.51.376,quest,2022.2.5,59.81855835301294,
landscape,0,14,14,8,,,,,,,,,,solo,0.8,0.8,0.82,quantile,1,0,1,0,22,21,start,4,lin,0.33088228794403707,0.04794150000088848,1019.5759531999938,1019.5759531999938,1019.5759531999938,1019.5759531999938,1,0.33088228794403707,-1,left,1,,,,,,,,,,,5_lx_2,2023-04-19_20h08.51.376,quest,2022.2.5,59.81855835301294,
landscape,0,14,14,8,,,,,,,,,,,,,,,,,,,,,,,,,,,,,,,,,,,,,,,,,,,,,5_lx_2,2023-04-19_20h08.51.376,quest,2022.2.5,59.81855835301294,
landscape,0,14,14,8,,,,,,,,,,solo,0.8,0.8,0.82,quantile,1,0,1,0,23,22,start,4,lin,0.3283396940833741,0.04075469999224879,1021.3260606999975,1021.3260606999975,1021.3260606999975,1021.3260606999975,1,0.3283396940833741,1,right,1,,,,,,,,,,,5_lx_2,2023-04-19_20h08.51.376,quest,2022.2.5,59.81855835301294,
landscape,0,14,14,8,,,,,,,,,,,,,,,,,,,,,,,,,,,,,,,,,,,,,,,,,,,,,5_lx_2,2023-04-19_20h08.51.376,quest,2022.2.5,59.81855835301294,
landscape,0,14,14,8,,,,,,,,,,solo,0.8,0.8,0.82,quantile,1,0,1,0,24,23,start,4,lin,0.3261353727175478,0.039842800004407763,1023.092642100004,1023.092642100004,1023.092642100004,1023.092642100004,1,0.3261353727175478,1,right,1,,,,,,,,,,,5_lx_2,2023-04-19_20h08.51.376,quest,2022.2.5,59.81855835301294,
landscape,0,14,14,8,,,,,,,,,,,,,,,,,,,,,,,,,,,,,,,,,,,,,,,,,,,,,5_lx_2,2023-04-19_20h08.51.376,quest,2022.2.5,59.81855835301294,
landscape,0,14,14,8,,,,,,,,,,solo,0.8,0.8,0.82,quantile,1,0,1,0,25,24,start,4,lin,0.3240737287546753,0.03970600001048297,1025.175970500015,1025.175970500015,1025.175970500015,1025.175970500015,1,0.3240737287546753,-1,left,1,,,,,,,,,,,5_lx_2,2023-04-19_20h08.51.376,quest,2022.2.5,59.81855835301294,
landscape,0,14,14,8,,,,,,,,,,,,,,,,,,,,,,,,,,,,,,,,,,,,,,,,,,,,,5_lx_2,2023-04-19_20h08.51.376,quest,2022.2.5,59.81855835301294,
landscape,0,14,14,8,,,,,,,,,,solo,0.8,0.8,0.82,quantile,1,0,1,0,26,25,start,4,lin,0.3221039939319435,0.03989400001592003,1027.1092830999987,1027.1092830999987,1027.1092830999987,1027.1092830999987,1,0.3221039939319435,-1,left,1,,,,,,,,,,,5_lx_2,2023-04-19_20h08.51.376,quest,2022.2.5,59.81855835301294,
landscape,0,14,14,8,,,,,,,,,,,,,,,,,,,,,,,,,,,,,,,,,,,,,,,,,,,,,5_lx_2,2023-04-19_20h08.51.376,quest,2022.2.5,59.81855835301294,
landscape,0,14,14,8,,,,,,,,,,solo,0.8,0.8,0.82,quantile,1,0,1,0,27,26,start,4,lin,0.32022351590773757,0.03977810000651516,1029.5259583000152,1029.5259583000152,1029.5259583000152,1029.5259583000152,1,0.32022351590773757,-1,left,1,1032.5276357000112,1032.5276357000112,1032.5276357000112,,,,,,,,5_lx_2,2023-04-19_20h08.51.376,quest,2022.2.5,59.81855835301294,
landscape,0,14,14,8,,,,,,,,,,,,,,,,,,,,,,,,,,,,,,,,,,,,,,,,,,,,,5_lx_2,2023-04-19_20h08.51.376,quest,2022.2.5,59.81855835301294,
landscape,0,14,14,8,,,,,,,,,,solo,0.8,0.8,0.82,quantile,1,0,1,0,28,27,start,4,lin,0.3188212370209224,0.040586200018879026,1033.2760392999917,1033.2760392999917,1033.2760392999917,1033.2760392999917,1,0.3188212370209224,1,right,1,,,,,,,,,,,5_lx_2,2023-04-19_20h08.51.376,quest,2022.2.5,59.81855835301294,
landscape,0,14,14,8,,,,,,,,,,,,,,,,,,,,,,,,,,,,,,,,,,,,,,,,,,,,,5_lx_2,2023-04-19_20h08.51.376,quest,2022.2.5,59.81855835301294,
landscape,0,14,14,8,,,,,,,,,,solo,0.8,0.8,0.82,quantile,1,0,1,0,29,28,start,4,lin,0.31756108516723347,0.03983749999315478,1035.0428303999943,1035.0428303999943,1035.0428303999943,1035.0428303999943,1,0.31756108516723347,1,right,1,,,,,,,,,,,5_lx_2,2023-04-19_20h08.51.376,quest,2022.2.5,59.81855835301294,
landscape,0,14,14,8,,,,,,,,,,,,,,,,,,,,,,,,,,,,,,,,,,,,,,,,,,,,,5_lx_2,2023-04-19_20h08.51.376,quest,2022.2.5,59.81855835301294,
landscape,0,14,14,8,,,,,,,,,,solo,0.8,0.8,0.82,quantile,1,0,1,0,30,29,start,4,lin,0.3163753027438346,0.041327000013552606,1036.4162962000119,1036.4162962000119,1036.4162962000119,1036.4162962000119,1,0.3163753027438346,1,right,1,,,,,,,,,,,5_lx_2,2023-04-19_20h08.51.376,quest,2022.2.5,59.81855835301294,
landscape,0,14,14,8,,,,,,,,,,,,,,,,,,,,,,,,,,,,,,,,,,,,,,,,,,,,,5_lx_2,2023-04-19_20h08.51.376,quest,2022.2.5,59.81855835301294,
landscape,0,14,14,8,,,,,,,,,,,,,,,,,,,,,,,,,,,,,,,,,,,,,,0.3095727204475381,0.025448046774356872,0.3222196365425207,,,,,5_lx_2,2023-04-19_20h08.51.376,quest,2022.2.5,59.81855835301294,
landscape,0,14,14,8,,,,,,,,,,,,,,,,,,,,,,,,,,,,,,,,,,,,,,,,,,,,,5_lx_2,2023-04-19_20h08.51.376,quest,2022.2.5,59.81855835301294,
texture,0,15,15,14,,,,,,1037.4232818000019,1037.4232818000019,space,2.148168000014266,solo,0.8,0.8,0.82,quantile,1,0,1,0,1,0,start,4,lin,0.8,0.05564169998979196,1040.1428977999894,1040.1428977999894,1040.1428977999894,1040.1428977999894,1,0.8,-1,left,1,,,,,,,,,,,5_lx_2,2023-04-19_20h08.51.376,quest,2022.2.5,59.81855835301294,
texture,0,15,15,14,,,,,,,,,,,,,,,,,,,,,,,,,,,,,,,,,,,,,,,,,,,,,5_lx_2,2023-04-19_20h08.51.376,quest,2022.2.5,59.81855835301294,
texture,0,15,15,14,,,,,,,,,,solo,0.8,0.8,0.82,quantile,1,0,1,0,2,1,start,4,lin,0.7711677739866264,0.04544409998925403,1041.2928443000128,1041.2928443000128,1041.2928443000128,1041.2928443000128,1,0.7711677739866264,1,right,1,,,,,,,,,,,5_lx_2,2023-04-19_20h08.51.376,quest,2022.2.5,59.81855835301294,
texture,0,15,15,14,,,,,,,,,,,,,,,,,,,,,,,,,,,,,,,,,,,,,,,,,,,,,5_lx_2,2023-04-19_20h08.51.376,quest,2022.2.5,59.81855835301294,
texture,0,15,15,14,,,,,,,,,,solo,0.8,0.8,0.82,quantile,1,0,1,0,3,2,start,4,lin,0.6892364930809887,0.038552300014998764,1042.3095356000122,1042.3095356000122,1042.3095356000122,1042.3095356000122,1,0.6892364930809887,1,right,1,,,,,,,,,,,5_lx_2,2023-04-19_20h08.51.376,quest,2022.2.5,59.81855835301294,
texture,0,15,15,14,,,,,,,,,,,,,,,,,,,,,,,,,,,,,,,,,,,,,,,,,,,,,5_lx_2,2023-04-19_20h08.51.376,quest,2022.2.5,59.81855835301294,
texture,0,15,15,14,,,,,,,,,,solo,0.8,0.8,0.82,quantile,1,0,1,0,4,3,start,4,lin,0.6252138722597939,0.038747500017052516,1043.3428836000094,1043.3428836000094,1043.3428836000094,1043.3428836000094,1,0.6252138722597939,1,right,1,,,,,,,,,,,5_lx_2,2023-04-19_20h08.51.376,quest,2022.2.5,59.81855835301294,
texture,0,15,15,14,,,,,,,,,,,,,,,,,,,,,,,,,,,,,,,,,,,,,,,,,,,,,5_lx_2,2023-04-19_20h08.51.376,quest,2022.2.5,59.81855835301294,
texture,0,15,15,14,,,,,,,,,,solo,0.8,0.8,0.82,quantile,1,0,1,0,5,4,start,4,lin,0.5740588781600403,0.038605400011874735,1044.3762108999945,1044.3762108999945,1044.3762108999945,1044.3762108999945,1,0.5740588781600403,-1,left,1,,,,,,,,,,,5_lx_2,2023-04-19_20h08.51.376,quest,2022.2.5,59.81855835301294,
texture,0,15,15,14,,,,,,,,,,,,,,,,,,,,,,,,,,,,,,,,,,,,,,,,,,,,,5_lx_2,2023-04-19_20h08.51.376,quest,2022.2.5,59.81855835301294,
texture,0,15,15,14,,,,,,,,,,solo,0.8,0.8,0.82,quantile,1,0,1,0,6,5,start,4,lin,0.5312315311569114,0.03827320001437329,1045.9929974999977,1045.9929974999977,1045.9929974999977,1045.9929974999977,1,0.5312315311569114,1,right,1,,,,,,,,,,,5_lx_2,2023-04-19_20h08.51.376,quest,2022.2.5,59.81855835301294,
texture,0,15,15,14,,,,,,,,,,,,,,,,,,,,,,,,,,,,,,,,,,,,,,,,,,,,,5_lx_2,2023-04-19_20h08.51.376,quest,2022.2.5,59.81855835301294,
texture,0,15,15,14,,,,,,,,,,solo,0.8,0.8,0.82,quantile,1,0,1,0,7,6,start,4,lin,0.49592477917827904,0.038772800005972385,1047.5429813000083,1047.5429813000083,1047.5429813000083,1047.5429813000083,1,0.49592477917827904,1,right,1,,,,,,,,,,,5_lx_2,2023-04-19_20h08.51.376,quest,2022.2.5,59.81855835301294,
texture,0,15,15,14,,,,,,,,,,,,,,,,,,,,,,,,,,,,,,,,,,,,,,,,,,,,,5_lx_2,2023-04-19_20h08.51.376,quest,2022.2.5,59.81855835301294,
texture,0,15,15,14,,,,,,,,,,solo,0.8,0.8,0.82,quantile,1,0,1,0,8,7,start,4,lin,0.46698116941993095,0.038470599974971265,1049.1496236000094,1049.1496236000094,1049.1496236000094,1049.1496236000094,1,0.46698116941993095,-1,left,1,,,,,,,,,,,5_lx_2,2023-04-19_20h08.51.376,quest,2022.2.5,59.81855835301294,
texture,0,15,15,14,,,,,,,,,,,,,,,,,,,,,,,,,,,,,,,,,,,,,,,,,,,,,5_lx_2,2023-04-19_20h08.51.376,quest,2022.2.5,59.81855835301294,
texture,0,15,15,14,,,,,,,,,,solo,0.8,0.8,0.82,quantile,1,0,1,0,9,8,start,4,lin,0.4430068457305388,0.04340809999848716,1050.6760754999996,1050.6760754999996,1050.6760754999996,1050.6760754999996,1,0.4430068457305388,-1,left,1,,,,,,,,,,,5_lx_2,2023-04-19_20h08.51.376,quest,2022.2.5,59.81855835301294,
texture,0,15,15,14,,,,,,,,,,,,,,,,,,,,,,,,,,,,,,,,,,,,,,,,,,,,,5_lx_2,2023-04-19_20h08.51.376,quest,2022.2.5,59.81855835301294,
texture,0,15,15,14,,,,,,,,,,solo,0.8,0.8,0.82,quantile,1,0,1,0,10,9,start,4,lin,0.42295195219009735,0.03874560000258498,1052.1094445000053,1052.1094445000053,1052.1094445000053,1052.1094445000053,1,0.42295195219009735,1,right,1,,,,,,,,,,,5_lx_2,2023-04-19_20h08.51.376,quest,2022.2.5,59.81855835301294,
texture,0,15,15,14,,,,,,,,,,,,,,,,,,,,,,,,,,,,,,,,,,,,,,,,,,,,,5_lx_2,2023-04-19_20h08.51.376,quest,2022.2.5,59.81855835301294,
texture,0,15,15,14,,,,,,,,,,solo,0.8,0.8,0.82,quantile,1,0,1,0,11,10,start,4,lin,0.4063189003109283,0.04575920000206679,1054.4596271000046,1054.4596271000046,1054.4596271000046,1054.4596271000046,1,0.4063189003109283,1,right,1,,,,,,,,,,,5_lx_2,2023-04-19_20h08.51.376,quest,2022.2.5,59.81855835301294,
texture,0,15,15,14,,,,,,,,,,,,,,,,,,,,,,,,,,,,,,,,,,,,,,,,,,,,,5_lx_2,2023-04-19_20h08.51.376,quest,2022.2.5,59.81855835301294,
texture,0,15,15,14,,,,,,,,,,solo,0.8,0.8,0.82,quantile,1,0,1,0,12,11,start,4,lin,0.39260237199069375,0.03847430000314489,1055.9991104000073,1055.9991104000073,1055.9991104000073,1055.9991104000073,1,0.39260237199069375,-1,left,1,1059.009061699995,1059.009061699995,1059.009061699995,,,,,,,,5_lx_2,2023-04-19_20h08.51.376,quest,2022.2.5,59.81855835301294,
texture,0,15,15,14,,,,,,,,,,,,,,,,,,,,,,,,,,,,,,,,,,,,,,,,,,,,,5_lx_2,2023-04-19_20h08.51.376,quest,2022.2.5,59.81855835301294,
texture,0,15,15,14,,,,,,,,,,solo,0.8,0.8,0.82,quantile,1,0,1,0,13,12,start,4,lin,0.38103863282156525,0.03844740000204183,1059.609664299991,1059.609664299991,1059.609664299991,1059.609664299991,1,0.38103863282156525,-1,left,1,,,,,,,,,,,5_lx_2,2023-04-19_20h08.51.376,quest,2022.2.5,59.81855835301294,
texture,0,15,15,14,,,,,,,,,,,,,,,,,,,,,,,,,,,,,,,,,,,,,,,,,,,,,5_lx_2,2023-04-19_20h08.51.376,quest,2022.2.5,59.81855835301294,
texture,0,15,15,14,,,,,,,,,,solo,0.8,0.8,0.82,quantile,1,0,1,0,14,13,start,4,lin,0.37139804414009503,0.038384599989512935,1062.2661250999954,1062.2661250999954,1062.2661250999954,1062.2661250999954,1,0.37139804414009503,-1,left,1,,,,,,,,,,,5_lx_2,2023-04-19_20h08.51.376,quest,2022.2.5,59.81855835301294,
texture,0,15,15,14,,,,,,,,,,,,,,,,,,,,,,,,,,,,,,,,,,,,,,,,,,,,,5_lx_2,2023-04-19_20h08.51.376,quest,2022.2.5,59.81855835301294,
texture,0,15,15,14,,,,,,,,,,solo,0.8,0.8,0.82,quantile,1,0,1,0,15,14,start,4,lin,0.36330902054639197,0.04683889998705126,1065.5430705999897,1065.5430705999897,1065.5430705999897,1065.5430705999897,1,0.36330902054639197,-1,left,1,,,,,,,,,,,5_lx_2,2023-04-19_20h08.51.376,quest,2022.2.5,59.81855835301294,
texture,0,15,15,14,,,,,,,,,,,,,,,,,,,,,,,,,,,,,,,,,,,,,,,,,,,,,5_lx_2,2023-04-19_20h08.51.376,quest,2022.2.5,59.81855835301294,
texture,0,15,15,14,,,,,,,,,,solo,0.8,0.8,0.82,quantile,1,0,1,0,16,15,start,4,lin,0.3563983726426918,0.03932429998531006,1067.7264167999965,1067.7264167999965,1067.7264167999965,1067.7264167999965,1,0.3563983726426918,-1,left,1,,,,,,,,,,,5_lx_2,2023-04-19_20h08.51.376,quest,2022.2.5,59.81855835301294,
texture,0,15,15,14,,,,,,,,,,,,,,,,,,,,,,,,,,,,,,,,,,,,,,,,,,,,,5_lx_2,2023-04-19_20h08.51.376,quest,2022.2.5,59.81855835301294,
texture,0,15,15,14,,,,,,,,,,solo,0.8,0.8,0.82,quantile,1,0,1,0,17,16,start,4,lin,0.35040609561670627,0.038132900022901595,1069.7430804000178,1069.7430804000178,1069.7430804000178,1069.7430804000178,1,0.35040609561670627,1,right,1,,,,,,,,,,,5_lx_2,2023-04-19_20h08.51.376,quest,2022.2.5,59.81855835301294,
texture,0,15,15,14,,,,,,,,,,,,,,,,,,,,,,,,,,,,,,,,,,,,,,,,,,,,,5_lx_2,2023-04-19_20h08.51.376,quest,2022.2.5,59.81855835301294,
texture,0,15,15,14,,,,,,,,,,solo,0.8,0.8,0.82,quantile,1,0,1,0,18,17,start,4,lin,0.3454867065779402,0.045815099991159514,1071.4431938999915,1071.4431938999915,1071.4431938999915,1071.4431938999915,1,0.3454867065779402,-1,left,1,,,,,,,,,,,5_lx_2,2023-04-19_20h08.51.376,quest,2022.2.5,59.81855835301294,
texture,0,15,15,14,,,,,,,,,,,,,,,,,,,,,,,,,,,,,,,,,,,,,,,,,,,,,5_lx_2,2023-04-19_20h08.51.376,quest,2022.2.5,59.81855835301294,
texture,0,15,15,14,,,,,,,,,,solo,0.8,0.8,0.82,quantile,1,0,1,0,19,18,start,4,lin,0.34100743337053996,0.038177199981873855,1074.782516200008,1074.782516200008,1074.782516200008,1074.782516200008,1,0.34100743337053996,1,right,1,,,,,,,,,,,5_lx_2,2023-04-19_20h08.51.376,quest,2022.2.5,59.81855835301294,
texture,0,15,15,14,,,,,,,,,,,,,,,,,,,,,,,,,,,,,,,,,,,,,,,,,,,,,5_lx_2,2023-04-19_20h08.51.376,quest,2022.2.5,59.81855835301294,
texture,0,15,15,14,,,,,,,,,,solo,0.8,0.8,0.82,quantile,1,0,1,0,20,19,start,4,lin,0.33728436872665474,0.040781899995636195,1076.6598725999938,1076.6598725999938,1076.6598725999938,1076.6598725999938,1,0.33728436872665474,1,right,1,,,,,,,,,,,5_lx_2,2023-04-19_20h08.51.376,quest,2022.2.5,59.81855835301294,
texture,0,15,15,14,,,,,,,,,,,,,,,,,,,,,,,,,,,,,,,,,,,,,,,,,,,,,5_lx_2,2023-04-19_20h08.51.376,quest,2022.2.5,59.81855835301294,
texture,0,15,15,14,,,,,,,,,,solo,0.8,0.8,0.82,quantile,1,0,1,0,21,20,start,4,lin,0.33399215061952864,0.0394195000117179,1077.926535800012,1077.926535800012,1077.926535800012,1077.926535800012,1,0.33399215061952864,-1,left,1,,,,,,,,,,,5_lx_2,2023-04-19_20h08.51.376,quest,2022.2.5,59.81855835301294,
texture,0,15,15,14,,,,,,,,,,,,,,,,,,,,,,,,,,,,,,,,,,,,,,,,,,,,,5_lx_2,2023-04-19_20h08.51.376,quest,2022.2.5,59.81855835301294,
texture,0,15,15,14,,,,,,,,,,solo,0.8,0.8,0.82,quantile,1,0,1,0,22,21,start,4,lin,0.33088228794403707,0.04023309997864999,1080.4265925000072,1080.4265925000072,1080.4265925000072,1080.4265925000072,1,0.33088228794403707,1,right,1,,,,,,,,,,,5_lx_2,2023-04-19_20h08.51.376,quest,2022.2.5,59.81855835301294,
texture,0,15,15,14,,,,,,,,,,,,,,,,,,,,,,,,,,,,,,,,,,,,,,,,,,,,,5_lx_2,2023-04-19_20h08.51.376,quest,2022.2.5,59.81855835301294,
texture,0,15,15,14,,,,,,,,,,solo,0.8,0.8,0.82,quantile,1,0,1,0,23,22,start,4,lin,0.3283396940833741,0.03907319999416359,1082.4099304999982,1082.4099304999982,1082.4099304999982,1082.4099304999982,1,0.3283396940833741,-1,left,1,,,,,,,,,,,5_lx_2,2023-04-19_20h08.51.376,quest,2022.2.5,59.81855835301294,
texture,0,15,15,14,,,,,,,,,,,,,,,,,,,,,,,,,,,,,,,,,,,,,,,,,,,,,5_lx_2,2023-04-19_20h08.51.376,quest,2022.2.5,59.81855835301294,
texture,0,15,15,14,,,,,,,,,,solo,0.8,0.8,0.82,quantile,1,0,1,0,24,23,start,4,lin,0.3261353727175478,0.04202090000035241,1084.6099654000136,1084.6099654000136,1084.6099654000136,1084.6099654000136,1,0.3261353727175478,1,right,1,,,,,,,,,,,5_lx_2,2023-04-19_20h08.51.376,quest,2022.2.5,59.81855835301294,
texture,0,15,15,14,,,,,,,,,,,,,,,,,,,,,,,,,,,,,,,,,,,,,,,,,,,,,5_lx_2,2023-04-19_20h08.51.376,quest,2022.2.5,59.81855835301294,
texture,0,15,15,14,,,,,,,,,,solo,0.8,0.8,0.82,quantile,1,0,1,0,25,24,start,4,lin,0.3240737287546753,0.03862239999580197,1087.0826128000044,1087.0826128000044,1087.0826128000044,1087.0826128000044,1,0.3240737287546753,1,right,1,,,,,,,,,,,5_lx_2,2023-04-19_20h08.51.376,quest,2022.2.5,59.81855835301294,
texture,0,15,15,14,,,,,,,,,,,,,,,,,,,,,,,,,,,,,,,,,,,,,,,,,,,,,5_lx_2,2023-04-19_20h08.51.376,quest,2022.2.5,59.81855835301294,
texture,0,15,15,14,,,,,,,,,,solo,0.8,0.8,0.82,quantile,1,0,1,0,26,25,start,4,lin,0.3221039939319435,0.04115950001869351,1089.382692300016,1089.382692300016,1089.382692300016,1089.382692300016,1,0.3221039939319435,-1,left,1,,,,,,,,,,,5_lx_2,2023-04-19_20h08.51.376,quest,2022.2.5,59.81855835301294,
texture,0,15,15,14,,,,,,,,,,,,,,,,,,,,,,,,,,,,,,,,,,,,,,,,,,,,,5_lx_2,2023-04-19_20h08.51.376,quest,2022.2.5,59.81855835301294,
texture,0,15,15,14,,,,,,,,,,solo,0.8,0.8,0.82,quantile,1,0,1,0,27,26,start,4,lin,0.32022351590773757,0.03811540000606328,1092.1826075999998,1092.1826075999998,1092.1826075999998,1092.1826075999998,1,0.32022351590773757,1,right,1,,,,,,,,,,,5_lx_2,2023-04-19_20h08.51.376,quest,2022.2.5,59.81855835301294,
texture,0,15,15,14,,,,,,,,,,,,,,,,,,,,,,,,,,,,,,,,,,,,,,,,,,,,,5_lx_2,2023-04-19_20h08.51.376,quest,2022.2.5,59.81855835301294,
texture,0,15,15,14,,,,,,,,,,solo,0.8,0.8,0.82,quantile,1,0,1,0,28,27,start,4,lin,0.3188212370209224,0.03940760000841692,1093.826668499998,1093.826668499998,1093.826668499998,1093.826668499998,1,0.3188212370209224,1,right,1,,,,,,,,,,,5_lx_2,2023-04-19_20h08.51.376,quest,2022.2.5,59.81855835301294,
texture,0,15,15,14,,,,,,,,,,,,,,,,,,,,,,,,,,,,,,,,,,,,,,,,,,,,,5_lx_2,2023-04-19_20h08.51.376,quest,2022.2.5,59.81855835301294,
texture,0,15,15,14,,,,,,,,,,solo,0.8,0.8,0.82,quantile,1,0,1,0,29,28,start,4,lin,0.31756108516723347,0.03866560000460595,1095.5766260999953,1095.5766260999953,1095.5766260999953,1095.5766260999953,0,0.31756108516723347,-1,left,0,,,,,,,,,,,5_lx_2,2023-04-19_20h08.51.376,quest,2022.2.5,59.81855835301294,
texture,0,15,15,14,,,,,,,,,,,,,,,,,,,,,,,,,,,,,,,,,,,,,,,,,,,,,5_lx_2,2023-04-19_20h08.51.376,quest,2022.2.5,59.81855835301294,
texture,0,15,15,14,,,,,,,,,,solo,0.8,0.8,0.82,quantile,1,0,1,0,30,29,start,4,lin,0.32375524622078594,0.03870570001890883,1097.7766588999948,1097.7766588999948,1097.7766588999948,1097.7766588999948,1,0.32375524622078594,1,right,1,,,,,,,,,,,5_lx_2,2023-04-19_20h08.51.376,quest,2022.2.5,59.81855835301294,
texture,0,15,15,14,,,,,,,,,,,,,,,,,,,,,,,,,,,,,,,,,,,,,,,,,,,,,5_lx_2,2023-04-19_20h08.51.376,quest,2022.2.5,59.81855835301294,
texture,0,15,15,14,,,,,,,,,,,,,,,,,,,,,,,,,,,,,,,,,,,,,,0.3154536050726188,0.0305050578105033,0.32879786860592386,,,,,5_lx_2,2023-04-19_20h08.51.376,quest,2022.2.5,59.81855835301294,
texture,0,15,15,14,,,,,,,,,,,,,,,,,,,,,,,,,,,,,,,,,,,,,,,,,,,,,5_lx_2,2023-04-19_20h08.51.376,quest,2022.2.5,59.81855835301294,
fruit,0,16,16,6,,,,,,1099.090345100005,1099.090345100005,space,2.0893016000045463,solo,0.8,0.8,0.82,quantile,1,0,1,0,1,0,start,4,lin,0.8,0.04657409997889772,1101.7601235000184,1101.7601235000184,1101.7601235000184,1101.7601235000184,1,0.8,-1,left,1,,,,,,,,,,,5_lx_2,2023-04-19_20h08.51.376,quest,2022.2.5,59.81855835301294,
fruit,0,16,16,6,,,,,,,,,,,,,,,,,,,,,,,,,,,,,,,,,,,,,,,,,,,,,5_lx_2,2023-04-19_20h08.51.376,quest,2022.2.5,59.81855835301294,
fruit,0,16,16,6,,,,,,,,,,solo,0.8,0.8,0.82,quantile,1,0,1,0,2,1,start,4,lin,0.7711677739866264,0.03593940002610907,1102.9325504000008,1102.9325504000008,1102.9325504000008,1102.9325504000008,1,0.7711677739866264,-1,left,1,,,,,,,,,,,5_lx_2,2023-04-19_20h08.51.376,quest,2022.2.5,59.81855835301294,
fruit,0,16,16,6,,,,,,,,,,,,,,,,,,,,,,,,,,,,,,,,,,,,,,,,,,,,,5_lx_2,2023-04-19_20h08.51.376,quest,2022.2.5,59.81855835301294,
fruit,0,16,16,6,,,,,,,,,,solo,0.8,0.8,0.82,quantile,1,0,1,0,3,2,start,4,lin,0.6892364930809887,0.04389199998695403,1103.926631600014,1103.926631600014,1103.926631600014,1103.926631600014,1,0.6892364930809887,1,right,1,,,,,,,,,,,5_lx_2,2023-04-19_20h08.51.376,quest,2022.2.5,59.81855835301294,
fruit,0,16,16,6,,,,,,,,,,,,,,,,,,,,,,,,,,,,,,,,,,,,,,,,,,,,,5_lx_2,2023-04-19_20h08.51.376,quest,2022.2.5,59.81855835301294,
fruit,0,16,16,6,,,,,,,,,,solo,0.8,0.8,0.82,quantile,1,0,1,0,4,3,start,4,lin,0.6252138722597939,0.03671089999261312,1105.0100298000034,1105.0100298000034,1105.0100298000034,1105.0100298000034,1,0.6252138722597939,1,right,1,,,,,,,,,,,5_lx_2,2023-04-19_20h08.51.376,quest,2022.2.5,59.81855835301294,
fruit,0,16,16,6,,,,,,,,,,,,,,,,,,,,,,,,,,,,,,,,,,,,,,,,,,,,,5_lx_2,2023-04-19_20h08.51.376,quest,2022.2.5,59.81855835301294,
fruit,0,16,16,6,,,,,,,,,,solo,0.8,0.8,0.82,quantile,1,0,1,0,5,4,start,4,lin,0.5740588781600403,0.0453951999952551,1105.9934629999916,1105.9934629999916,1105.9934629999916,1105.9934629999916,1,0.5740588781600403,1,right,1,,,,,,,,,,,5_lx_2,2023-04-19_20h08.51.376,quest,2022.2.5,59.81855835301294,
fruit,0,16,16,6,,,,,,,,,,,,,,,,,,,,,,,,,,,,,,,,,,,,,,,,,,,,,5_lx_2,2023-04-19_20h08.51.376,quest,2022.2.5,59.81855835301294,
fruit,0,16,16,6,,,,,,,,,,solo,0.8,0.8,0.82,quantile,1,0,1,0,6,5,start,4,lin,0.5312315311569114,0.03731409998727031,1107.0267457000155,1107.0267457000155,1107.0267457000155,1107.0267457000155,1,0.5312315311569114,1,right,1,,,,,,,,,,,5_lx_2,2023-04-19_20h08.51.376,quest,2022.2.5,59.81855835301294,
fruit,0,16,16,6,,,,,,,,,,,,,,,,,,,,,,,,,,,,,,,,,,,,,,,,,,,,,5_lx_2,2023-04-19_20h08.51.376,quest,2022.2.5,59.81855835301294,
fruit,0,16,16,6,,,,,,,,,,solo,0.8,0.8,0.82,quantile,1,0,1,0,7,6,start,4,lin,0.49592477917827904,0.03590479999547824,1108.4936260000104,1108.4936260000104,1108.4936260000104,1108.4936260000104,1,0.49592477917827904,-1,left,1,,,,,,,,,,,5_lx_2,2023-04-19_20h08.51.376,quest,2022.2.5,59.81855835301294,
fruit,0,16,16,6,,,,,,,,,,,,,,,,,,,,,,,,,,,,,,,,,,,,,,,,,,,,,5_lx_2,2023-04-19_20h08.51.376,quest,2022.2.5,59.81855835301294,
fruit,0,16,16,6,,,,,,,,,,solo,0.8,0.8,0.82,quantile,1,0,1,0,8,7,start,4,lin,0.46698116941993095,0.036919600010151044,1111.3993271999934,1111.3993271999934,1111.3993271999934,1111.3993271999934,1,0.46698116941993095,1,right,1,,,,,,,,,,,5_lx_2,2023-04-19_20h08.51.376,quest,2022.2.5,59.81855835301294,
fruit,0,16,16,6,,,,,,,,,,,,,,,,,,,,,,,,,,,,,,,,,,,,,,,,,,,,,5_lx_2,2023-04-19_20h08.51.376,quest,2022.2.5,59.81855835301294,
fruit,0,16,16,6,,,,,,,,,,solo,0.8,0.8,0.82,quantile,1,0,1,0,9,8,start,4,lin,0.4430068457305388,0.03663230000529438,1113.5157362000027,1113.5157362000027,1113.5157362000027,1113.5157362000027,1,0.4430068457305388,-1,left,1,,,,,,,,,,,5_lx_2,2023-04-19_20h08.51.376,quest,2022.2.5,59.81855835301294,
fruit,0,16,16,6,,,,,,,,,,,,,,,,,,,,,,,,,,,,,,,,,,,,,,,,,,,,,5_lx_2,2023-04-19_20h08.51.376,quest,2022.2.5,59.81855835301294,
fruit,0,16,16,6,,,,,,,,,,solo,0.8,0.8,0.82,quantile,1,0,1,0,10,9,start,4,lin,0.42295195219009735,0.04356539997388609,1115.126980800007,1115.126980800007,1115.126980800007,1115.126980800007,1,0.42295195219009735,1,right,1,,,,,,,,,,,5_lx_2,2023-04-19_20h08.51.376,quest,2022.2.5,59.81855835301294,
fruit,0,16,16,6,,,,,,,,,,,,,,,,,,,,,,,,,,,,,,,,,,,,,,,,,,,,,5_lx_2,2023-04-19_20h08.51.376,quest,2022.2.5,59.81855835301294,
fruit,0,16,16,6,,,,,,,,,,solo,0.8,0.8,0.82,quantile,1,0,1,0,11,10,start,4,lin,0.4063189003109283,0.03613140000379644,1116.4436311000027,1116.4436311000027,1116.4436311000027,1116.4436311000027,1,0.4063189003109283,-1,left,1,,,,,,,,,,,5_lx_2,2023-04-19_20h08.51.376,quest,2022.2.5,59.81855835301294,
fruit,0,16,16,6,,,,,,,,,,,,,,,,,,,,,,,,,,,,,,,,,,,,,,,,,,,,,5_lx_2,2023-04-19_20h08.51.376,quest,2022.2.5,59.81855835301294,
fruit,0,16,16,6,,,,,,,,,,solo,0.8,0.8,0.82,quantile,1,0,1,0,12,11,start,4,lin,0.39260237199069375,0.037390299985418096,1117.865989300015,1117.865989300015,1117.865989300015,1117.865989300015,1,0.39260237199069375,1,right,1,,,,,,,,,,,5_lx_2,2023-04-19_20h08.51.376,quest,2022.2.5,59.81855835301294,
fruit,0,16,16,6,,,,,,,,,,,,,,,,,,,,,,,,,,,,,,,,,,,,,,,,,,,,,5_lx_2,2023-04-19_20h08.51.376,quest,2022.2.5,59.81855835301294,
fruit,0,16,16,6,,,,,,,,,,solo,0.8,0.8,0.82,quantile,1,0,1,0,13,12,start,4,lin,0.38103863282156525,0.03614539999398403,1120.5992833999917,1120.5992833999917,1120.5992833999917,1120.5992833999917,1,0.38103863282156525,1,right,1,,,,,,,,,,,5_lx_2,2023-04-19_20h08.51.376,quest,2022.2.5,59.81855835301294,
fruit,0,16,16,6,,,,,,,,,,,,,,,,,,,,,,,,,,,,,,,,,,,,,,,,,,,,,5_lx_2,2023-04-19_20h08.51.376,quest,2022.2.5,59.81855835301294,
fruit,0,16,16,6,,,,,,,,,,solo,0.8,0.8,0.82,quantile,1,0,1,0,14,13,start,4,lin,0.37139804414009503,0.03649339999537915,1122.8325936000037,1122.8325936000037,1122.8325936000037,1122.8325936000037,1,0.37139804414009503,-1,left,1,,,,,,,,,,,5_lx_2,2023-04-19_20h08.51.376,quest,2022.2.5,59.81855835301294,
fruit,0,16,16,6,,,,,,,,,,,,,,,,,,,,,,,,,,,,,,,,,,,,,,,,,,,,,5_lx_2,2023-04-19_20h08.51.376,quest,2022.2.5,59.81855835301294,
fruit,0,16,16,6,,,,,,,,,,solo,0.8,0.8,0.82,quantile,1,0,1,0,15,14,start,4,lin,0.36330902054639197,0.03633750000153668,1124.5937092000095,1124.5937092000095,1124.5937092000095,1124.5937092000095,1,0.36330902054639197,1,right,1,,,,,,,,,,,5_lx_2,2023-04-19_20h08.51.376,quest,2022.2.5,59.81855835301294,
fruit,0,16,16,6,,,,,,,,,,,,,,,,,,,,,,,,,,,,,,,,,,,,,,,,,,,,,5_lx_2,2023-04-19_20h08.51.376,quest,2022.2.5,59.81855835301294,
fruit,0,16,16,6,,,,,,,,,,solo,0.8,0.8,0.82,quantile,1,0,1,0,16,15,start,4,lin,0.3563983726426918,0.04503060001297854,1126.4935218000028,1126.4935218000028,1126.4935218000028,1126.4935218000028,1,0.3563983726426918,-1,left,1,,,,,,,,,,,5_lx_2,2023-04-19_20h08.51.376,quest,2022.2.5,59.81855835301294,
fruit,0,16,16,6,,,,,,,,,,,,,,,,,,,,,,,,,,,,,,,,,,,,,,,,,,,,,5_lx_2,2023-04-19_20h08.51.376,quest,2022.2.5,59.81855835301294,
fruit,0,16,16,6,,,,,,,,,,solo,0.8,0.8,0.82,quantile,1,0,1,0,17,16,start,4,lin,0.35040609561670627,0.03743259998736903,1129.1660125000053,1129.1660125000053,1129.1660125000053,1129.1660125000053,1,0.35040609561670627,1,right,1,,,,,,,,,,,5_lx_2,2023-04-19_20h08.51.376,quest,2022.2.5,59.81855835301294,
fruit,0,16,16,6,,,,,,,,,,,,,,,,,,,,,,,,,,,,,,,,,,,,,,,,,,,,,5_lx_2,2023-04-19_20h08.51.376,quest,2022.2.5,59.81855835301294,
fruit,0,16,16,6,,,,,,,,,,solo,0.8,0.8,0.82,quantile,1,0,1,0,18,17,start,4,lin,0.3454867065779402,0.03765910002402961,1131.2826636999962,1131.2826636999962,1131.2826636999962,1131.2826636999962,1,0.3454867065779402,1,right,1,,,,,,,,,,,5_lx_2,2023-04-19_20h08.51.376,quest,2022.2.5,59.81855835301294,
fruit,0,16,16,6,,,,,,,,,,,,,,,,,,,,,,,,,,,,,,,,,,,,,,,,,,,,,5_lx_2,2023-04-19_20h08.51.376,quest,2022.2.5,59.81855835301294,
fruit,0,16,16,6,,,,,,,,,,solo,0.8,0.8,0.82,quantile,1,0,1,0,19,18,start,4,lin,0.34100743337053996,0.03694550000363961,1133.982740700012,1133.982740700012,1133.982740700012,1133.982740700012,0,0.34100743337053996,-1,left,0,,,,,,,,,,,5_lx_2,2023-04-19_20h08.51.376,quest,2022.2.5,59.81855835301294,
fruit,0,16,16,6,,,,,,,,,,,,,,,,,,,,,,,,,,,,,,,,,,,,,,,,,,,,,5_lx_2,2023-04-19_20h08.51.376,quest,2022.2.5,59.81855835301294,
fruit,0,16,16,6,,,,,,,,,,solo,0.8,0.8,0.82,quantile,1,0,1,0,20,19,start,4,lin,0.3594552827154719,0.03686699998797849,1137.0938342000009,1137.0938342000009,1137.0938342000009,1137.0938342000009,1,0.3594552827154719,-1,left,1,,,,,,,,,,,5_lx_2,2023-04-19_20h08.51.376,quest,2022.2.5,59.81855835301294,
fruit,0,16,16,6,,,,,,,,,,,,,,,,,,,,,,,,,,,,,,,,,,,,,,,,,,,,,5_lx_2,2023-04-19_20h08.51.376,quest,2022.2.5,59.81855835301294,
fruit,0,16,16,6,,,,,,,,,,solo,0.8,0.8,0.82,quantile,1,0,1,0,21,20,start,4,lin,0.35407540468074983,0.038088200002675876,1139.4435785000096,1139.4435785000096,1139.4435785000096,1139.4435785000096,1,0.35407540468074983,-1,left,1,,,,,,,,,,,5_lx_2,2023-04-19_20h08.51.376,quest,2022.2.5,59.81855835301294,
fruit,0,16,16,6,,,,,,,,,,,,,,,,,,,,,,,,,,,,,,,,,,,,,,,,,,,,,5_lx_2,2023-04-19_20h08.51.376,quest,2022.2.5,59.81855835301294,
fruit,0,16,16,6,,,,,,,,,,solo,0.8,0.8,0.82,quantile,1,0,1,0,22,21,start,4,lin,0.3491189920706307,0.045434300001943484,1142.910249700013,1142.910249700013,1142.910249700013,1142.910249700013,1,0.3491189920706307,1,right,1,,,,,,,,,,,5_lx_2,2023-04-19_20h08.51.376,quest,2022.2.5,59.81855835301294,
fruit,0,16,16,6,,,,,,,,,,,,,,,,,,,,,,,,,,,,,,,,,,,,,,,,,,,,,5_lx_2,2023-04-19_20h08.51.376,quest,2022.2.5,59.81855835301294,
fruit,0,16,16,6,,,,,,,,,,solo,0.8,0.8,0.82,quantile,1,0,1,0,23,22,start,4,lin,0.3449641541097141,0.043692999985069036,1144.3660166999907,1144.3660166999907,1144.3660166999907,1144.3660166999907,1,0.3449641541097141,-1,left,1,,,,,,,,,,,5_lx_2,2023-04-19_20h08.51.376,quest,2022.2.5,59.81855835301294,
fruit,0,16,16,6,,,,,,,,,,,,,,,,,,,,,,,,,,,,,,,,,,,,,,,,,,,,,5_lx_2,2023-04-19_20h08.51.376,quest,2022.2.5,59.81855835301294,
fruit,0,16,16,6,,,,,,,,,,solo,0.8,0.8,0.82,quantile,1,0,1,0,24,23,start,4,lin,0.3410331120889487,0.03651819998049177,1147.1326234000153,1147.1326234000153,1147.1326234000153,1147.1326234000153,1,0.3410331120889487,1,right,1,,,,,,,,,,,5_lx_2,2023-04-19_20h08.51.376,quest,2022.2.5,59.81855835301294,
fruit,0,16,16,6,,,,,,,,,,,,,,,,,,,,,,,,,,,,,,,,,,,,,,,,,,,,,5_lx_2,2023-04-19_20h08.51.376,quest,2022.2.5,59.81855835301294,
fruit,0,16,16,6,,,,,,,,,,solo,0.8,0.8,0.82,quantile,1,0,1,0,25,24,start,4,lin,0.3377121557794438,0.036031800002092496,1149.0601324000163,1149.0601324000163,1149.0601324000163,1149.0601324000163,0,0.3377121557794438,1,right,0,,,,,,,,,,,5_lx_2,2023-04-19_20h08.51.376,quest,2022.2.5,59.81855835301294,
fruit,0,16,16,6,,,,,,,,,,,,,,,,,,,,,,,,,,,,,,,,,,,,,,,,,,,,,5_lx_2,2023-04-19_20h08.51.376,quest,2022.2.5,59.81855835301294,
fruit,0,16,16,6,,,,,,,,,,solo,0.8,0.8,0.82,quantile,1,0,1,0,26,25,start,4,lin,0.352511271174331,0.03618269998696633,1152.3934575000021,1152.3934575000021,1152.3934575000021,1152.3934575000021,1,0.352511271174331,-1,left,1,1155.398626500013,1155.398626500013,1155.398626500013,,,,,,,,5_lx_2,2023-04-19_20h08.51.376,quest,2022.2.5,59.81855835301294,
fruit,0,16,16,6,,,,,,,,,,,,,,,,,,,,,,,,,,,,,,,,,,,,,,,,,,,,,5_lx_2,2023-04-19_20h08.51.376,quest,2022.2.5,59.81855835301294,
fruit,0,16,16,6,,,,,,,,,,solo,0.8,0.8,0.82,quantile,1,0,1,0,27,26,start,4,lin,0.3483310550284084,0.03808199998456985,1156.4936410000082,1156.4936410000082,1156.4936410000082,1156.4936410000082,0,0.3483310550284084,-1,left,0,1159.4987372000178,1159.4987372000178,1159.4987372000178,,,,,,,,5_lx_2,2023-04-19_20h08.51.376,quest,2022.2.5,59.81855835301294,
fruit,0,16,16,6,,,,,,,,,,,,,,,,,,,,,,,,,,,,,,,,,,,,,,,,,,,,,5_lx_2,2023-04-19_20h08.51.376,quest,2022.2.5,59.81855835301294,
fruit,0,16,16,6,,,,,,,,,,solo,0.8,0.8,0.82,quantile,1,0,1,0,28,27,start,4,lin,0.3662570423271653,0.0377716000075452,1160.4436845000018,1160.4436845000018,1160.4436845000018,1160.4436845000018,1,0.3662570423271653,1,right,1,,,,,,,,,,,5_lx_2,2023-04-19_20h08.51.376,quest,2022.2.5,59.81855835301294,
fruit,0,16,16,6,,,,,,,,,,,,,,,,,,,,,,,,,,,,,,,,,,,,,,,,,,,,,5_lx_2,2023-04-19_20h08.51.376,quest,2022.2.5,59.81855835301294,
fruit,0,16,16,6,,,,,,,,,,solo,0.8,0.8,0.82,quantile,1,0,1,0,29,28,start,4,lin,0.36140235509679264,0.036590600007912144,1162.22701100001,1162.22701100001,1162.22701100001,1162.22701100001,1,0.36140235509679264,1,right,1,,,,,,,,,,,5_lx_2,2023-04-19_20h08.51.376,quest,2022.2.5,59.81855835301294,
fruit,0,16,16,6,,,,,,,,,,,,,,,,,,,,,,,,,,,,,,,,,,,,,,,,,,,,,5_lx_2,2023-04-19_20h08.51.376,quest,2022.2.5,59.81855835301294,
fruit,0,16,16,6,,,,,,,,,,solo,0.8,0.8,0.82,quantile,1,0,1,0,30,29,start,4,lin,0.3570393744202092,0.03733940000529401,1163.9995759000012,1163.9995759000012,1163.9995759000012,1163.9995759000012,1,0.3570393744202092,1,right,1,,,,,,,,,,,5_lx_2,2023-04-19_20h08.51.376,quest,2022.2.5,59.81855835301294,
fruit,0,16,16,6,,,,,,,,,,,,,,,,,,,,,,,,,,,,,,,,,,,,,,,,,,,,,5_lx_2,2023-04-19_20h08.51.376,quest,2022.2.5,59.81855835301294,
fruit,0,16,16,6,,,,,,,,,,,,,,,,,,,,,,,,,,,,,,,,,,,,,,0.342564344645165,0.04588390851803575,0.3564569920436211,,,,,5_lx_2,2023-04-19_20h08.51.376,quest,2022.2.5,59.81855835301294,
fruit,0,16,16,6,,,,,,,,,,,,,,,,,,,,,,,,,,,,,,,,,,,,,,,,,,,,,5_lx_2,2023-04-19_20h08.51.376,quest,2022.2.5,59.81855835301294,
foliage,0,17,17,4,,,,,,1165.7241263000178,1165.7241263000178,space,2.4473941999895032,solo,0.8,0.8,0.82,quantile,1,0,1,0,1,0,start,4,lin,0.8,0.05332249999628402,1168.7496120000142,1168.7496120000142,1168.7496120000142,1168.7496120000142,1,0.8,1,right,1,,,,,,,,,,,5_lx_2,2023-04-19_20h08.51.376,quest,2022.2.5,59.81855835301294,
foliage,0,17,17,4,,,,,,,,,,,,,,,,,,,,,,,,,,,,,,,,,,,,,,,,,,,,,5_lx_2,2023-04-19_20h08.51.376,quest,2022.2.5,59.81855835301294,
foliage,0,17,17,4,,,,,,,,,,solo,0.8,0.8,0.82,quantile,1,0,1,0,2,1,start,4,lin,0.7711677739866264,0.03556720001506619,1169.827107399993,1169.827107399993,1169.827107399993,1169.827107399993,1,0.7711677739866264,1,right,1,,,,,,,,,,,5_lx_2,2023-04-19_20h08.51.376,quest,2022.2.5,59.81855835301294,
foliage,0,17,17,4,,,,,,,,,,,,,,,,,,,,,,,,,,,,,,,,,,,,,,,,,,,,,5_lx_2,2023-04-19_20h08.51.376,quest,2022.2.5,59.81855835301294,
foliage,0,17,17,4,,,,,,,,,,solo,0.8,0.8,0.82,quantile,1,0,1,0,3,2,start,4,lin,0.6892364930809887,0.03600399999413639,1170.8438436000142,1170.8438436000142,1170.8438436000142,1170.8438436000142,1,0.6892364930809887,-1,left,1,,,,,,,,,,,5_lx_2,2023-04-19_20h08.51.376,quest,2022.2.5,59.81855835301294,
foliage,0,17,17,4,,,,,,,,,,,,,,,,,,,,,,,,,,,,,,,,,,,,,,,,,,,,,5_lx_2,2023-04-19_20h08.51.376,quest,2022.2.5,59.81855835301294,
foliage,0,17,17,4,,,,,,,,,,solo,0.8,0.8,0.82,quantile,1,0,1,0,4,3,start,4,lin,0.6252138722597939,0.03621789999306202,1172.3935279000143,1172.3935279000143,1172.3935279000143,1172.3935279000143,1,0.6252138722597939,-1,left,1,,,,,,,,,,,5_lx_2,2023-04-19_20h08.51.376,quest,2022.2.5,59.81855835301294,
foliage,0,17,17,4,,,,,,,,,,,,,,,,,,,,,,,,,,,,,,,,,,,,,,,,,,,,,5_lx_2,2023-04-19_20h08.51.376,quest,2022.2.5,59.81855835301294,
foliage,0,17,17,4,,,,,,,,,,solo,0.8,0.8,0.82,quantile,1,0,1,0,5,4,start,4,lin,0.5740588781600403,0.03545169997960329,1174.9935678000038,1174.9935678000038,1174.9935678000038,1174.9935678000038,1,0.5740588781600403,1,right,1,1177.9930804999894,1177.9930804999894,1177.9930804999894,,,,,,,,5_lx_2,2023-04-19_20h08.51.376,quest,2022.2.5,59.81855835301294,
foliage,0,17,17,4,,,,,,,,,,,,,,,,,,,,,,,,,,,,,,,,,,,,,,,,,,,,,5_lx_2,2023-04-19_20h08.51.376,quest,2022.2.5,59.81855835301294,
foliage,0,17,17,4,,,,,,,,,,solo,0.8,0.8,0.82,quantile,1,0,1,0,6,5,start,4,lin,0.5312315311569114,0.040279500011820346,1179.132686500001,1179.132686500001,1179.132686500001,1179.132686500001,1,0.5312315311569114,-1,left,1,1182.1431695999927,1182.1431695999927,1182.1431695999927,,,,,,,,5_lx_2,2023-04-19_20h08.51.376,quest,2022.2.5,59.81855835301294,
foliage,0,17,17,4,,,,,,,,,,,,,,,,,,,,,,,,,,,,,,,,,,,,,,,,,,,,,5_lx_2,2023-04-19_20h08.51.376,quest,2022.2.5,59.81855835301294,
foliage,0,17,17,4,,,,,,,,,,solo,0.8,0.8,0.82,quantile,1,0,1,0,7,6,start,4,lin,0.49592477917827904,0.04109980000066571,1183.1270055999921,1183.1270055999921,1183.1270055999921,1183.1270055999921,1,0.49592477917827904,-1,left,1,,,,,,,,,,,5_lx_2,2023-04-19_20h08.51.376,quest,2022.2.5,59.81855835301294,
foliage,0,17,17,4,,,,,,,,,,,,,,,,,,,,,,,,,,,,,,,,,,,,,,,,,,,,,5_lx_2,2023-04-19_20h08.51.376,quest,2022.2.5,59.81855835301294,
foliage,0,17,17,4,,,,,,,,,,solo,0.8,0.8,0.82,quantile,1,0,1,0,8,7,start,4,lin,0.46698116941993095,0.0372501999954693,1185.293679399998,1185.293679399998,1185.293679399998,1185.293679399998,1,0.46698116941993095,-1,left,1,1188.2935490999953,1188.2935490999953,1188.2935490999953,,,,,,,,5_lx_2,2023-04-19_20h08.51.376,quest,2022.2.5,59.81855835301294,
foliage,0,17,17,4,,,,,,,,,,,,,,,,,,,,,,,,,,,,,,,,,,,,,,,,,,,,,5_lx_2,2023-04-19_20h08.51.376,quest,2022.2.5,59.81855835301294,
foliage,0,17,17,4,,,,,,,,,,solo,0.8,0.8,0.82,quantile,1,0,1,0,9,8,start,4,lin,0.4430068457305388,0.043510899995453656,1189.177588599996,1189.177588599996,1189.177588599996,1189.177588599996,1,0.4430068457305388,-1,left,1,,,,,,,,,,,5_lx_2,2023-04-19_20h08.51.376,quest,2022.2.5,59.81855835301294,
foliage,0,17,17,4,,,,,,,,,,,,,,,,,,,,,,,,,,,,,,,,,,,,,,,,,,,,,5_lx_2,2023-04-19_20h08.51.376,quest,2022.2.5,59.81855835301294,
foliage,0,17,17,4,,,,,,,,,,solo,0.8,0.8,0.82,quantile,1,0,1,0,10,9,start,4,lin,0.42295195219009735,0.04043180000735447,1191.78309479999,1191.78309479999,1191.78309479999,1191.78309479999,0,0.42295195219009735,1,right,0,1194.7946799999918,1194.7946799999918,1194.7946799999918,,,,,,,,5_lx_2,2023-04-19_20h08.51.376,quest,2022.2.5,59.81855835301294,
foliage,0,17,17,4,,,,,,,,,,,,,,,,,,,,,,,,,,,,,,,,,,,,,,,,,,,,,5_lx_2,2023-04-19_20h08.51.376,quest,2022.2.5,59.81855835301294,
foliage,0,17,17,4,,,,,,,,,,solo,0.8,0.8,0.82,quantile,1,0,1,0,11,10,start,4,lin,0.4983963213553236,0.04399810000904836,1195.8604934999894,1195.8604934999894,1195.8604934999894,1195.8604934999894,1,0.4983963213553236,1,right,1,,,,,,,,,,,5_lx_2,2023-04-19_20h08.51.376,quest,2022.2.5,59.81855835301294,
foliage,0,17,17,4,,,,,,,,,,,,,,,,,,,,,,,,,,,,,,,,,,,,,,,,,,,,,5_lx_2,2023-04-19_20h08.51.376,quest,2022.2.5,59.81855835301294,
foliage,0,17,17,4,,,,,,,,,,solo,0.8,0.8,0.82,quantile,1,0,1,0,12,11,start,4,lin,0.47888847285771313,0.04314400002476759,1199.0938776000112,1199.0938776000112,1199.0938776000112,1199.0938776000112,1,0.47888847285771313,1,right,1,,,,,,,,,,,5_lx_2,2023-04-19_20h08.51.376,quest,2022.2.5,59.81855835301294,
foliage,0,17,17,4,,,,,,,,,,,,,,,,,,,,,,,,,,,,,,,,,,,,,,,,,,,,,5_lx_2,2023-04-19_20h08.51.376,quest,2022.2.5,59.81855835301294,
foliage,0,17,17,4,,,,,,,,,,solo,0.8,0.8,0.82,quantile,1,0,1,0,13,12,start,4,lin,0.4622975563583374,0.03572019998682663,1201.643879900017,1201.643879900017,1201.643879900017,1201.643879900017,0,0.4622975563583374,-1,left,0,1204.6452940000163,1204.6452940000163,1204.6452940000163,,,,,,,,5_lx_2,2023-04-19_20h08.51.376,quest,2022.2.5,59.81855835301294,
foliage,0,17,17,4,,,,,,,,,,,,,,,,,,,,,,,,,,,,,,,,,,,,,,,,,,,,,5_lx_2,2023-04-19_20h08.51.376,quest,2022.2.5,59.81855835301294,
foliage,0,17,17,4,,,,,,,,,,solo,0.8,0.8,0.82,quantile,1,0,1,0,14,13,start,4,lin,0.5276940609531876,0.042974699987098575,1205.593910399999,1205.593910399999,1205.593910399999,1205.593910399999,0,0.5276940609531876,-1,left,0,,,,,,,,,,,5_lx_2,2023-04-19_20h08.51.376,quest,2022.2.5,59.81855835301294,
foliage,0,17,17,4,,,,,,,,,,,,,,,,,,,,,,,,,,,,,,,,,,,,,,,,,,,,,5_lx_2,2023-04-19_20h08.51.376,quest,2022.2.5,59.81855835301294,
foliage,0,17,17,4,,,,,,,,,,solo,0.8,0.8,0.82,quantile,1,0,1,0,15,14,start,4,lin,0.6055553877876122,0.03501769999274984,1207.9439472999948,1207.9439472999948,1207.9439472999948,1207.9439472999948,1,0.6055553877876122,1,right,1,,,,,,,,,,,5_lx_2,2023-04-19_20h08.51.376,quest,2022.2.5,59.81855835301294,
foliage,0,17,17,4,,,,,,,,,,,,,,,,,,,,,,,,,,,,,,,,,,,,,,,,,,,,,5_lx_2,2023-04-19_20h08.51.376,quest,2022.2.5,59.81855835301294,
foliage,0,17,17,4,,,,,,,,,,solo,0.8,0.8,0.82,quantile,1,0,1,0,16,15,start,4,lin,0.5856657069308138,0.03591269999742508,1210.6664312999928,1210.6664312999928,1210.6664312999928,1210.6664312999928,1,0.5856657069308138,1,right,1,,,,,,,,,,,5_lx_2,2023-04-19_20h08.51.376,quest,2022.2.5,59.81855835301294,
foliage,0,17,17,4,,,,,,,,,,,,,,,,,,,,,,,,,,,,,,,,,,,,,,,,,,,,,5_lx_2,2023-04-19_20h08.51.376,quest,2022.2.5,59.81855835301294,
foliage,0,17,17,4,,,,,,,,,,solo,0.8,0.8,0.82,quantile,1,0,1,0,17,16,start,4,lin,0.5695032688772255,0.03504590000375174,1212.610650799994,1212.610650799994,1212.610650799994,1212.610650799994,0,0.5695032688772255,-1,left,0,,,,,,,,,,,5_lx_2,2023-04-19_20h08.51.376,quest,2022.2.5,59.81855835301294,
foliage,0,17,17,4,,,,,,,,,,,,,,,,,,,,,,,,,,,,,,,,,,,,,,,,,,,,,5_lx_2,2023-04-19_20h08.51.376,quest,2022.2.5,59.81855835301294,
foliage,0,17,17,4,,,,,,,,,,solo,0.8,0.8,0.82,quantile,1,0,1,0,18,17,start,4,lin,0.6348505796893693,0.03544030000921339,1215.5329590000038,1215.5329590000038,1215.5329590000038,1215.5329590000038,1,0.6348505796893693,-1,left,1,,,,,,,,,,,5_lx_2,2023-04-19_20h08.51.376,quest,2022.2.5,59.81855835301294,
foliage,0,17,17,4,,,,,,,,,,,,,,,,,,,,,,,,,,,,,,,,,,,,,,,,,,,,,5_lx_2,2023-04-19_20h08.51.376,quest,2022.2.5,59.81855835301294,
foliage,0,17,17,4,,,,,,,,,,solo,0.8,0.8,0.82,quantile,1,0,1,0,19,18,start,4,lin,0.6172869382513131,0.035901299997931346,1217.7163557000167,1217.7163557000167,1217.7163557000167,1217.7163557000167,1,0.6172869382513131,1,right,1,,,,,,,,,,,5_lx_2,2023-04-19_20h08.51.376,quest,2022.2.5,59.81855835301294,
foliage,0,17,17,4,,,,,,,,,,,,,,,,,,,,,,,,,,,,,,,,,,,,,,,,,,,,,5_lx_2,2023-04-19_20h08.51.376,quest,2022.2.5,59.81855835301294,
foliage,0,17,17,4,,,,,,,,,,solo,0.8,0.8,0.82,quantile,1,0,1,0,20,19,start,4,lin,0.603165704045808,0.0353049999976065,1219.7107030999905,1219.7107030999905,1219.7107030999905,1219.7107030999905,1,0.603165704045808,-1,left,1,,,,,,,,,,,5_lx_2,2023-04-19_20h08.51.376,quest,2022.2.5,59.81855835301294,
foliage,0,17,17,4,,,,,,,,,,,,,,,,,,,,,,,,,,,,,,,,,,,,,,,,,,,,,5_lx_2,2023-04-19_20h08.51.376,quest,2022.2.5,59.81855835301294,
foliage,0,17,17,4,,,,,,,,,,solo,0.8,0.8,0.82,quantile,1,0,1,0,21,20,start,4,lin,0.5911459365583882,0.03564010001718998,1221.0440870000166,1221.0440870000166,1221.0440870000166,1221.0440870000166,1,0.5911459365583882,-1,left,1,,,,,,,,,,,5_lx_2,2023-04-19_20h08.51.376,quest,2022.2.5,59.81855835301294,
foliage,0,17,17,4,,,,,,,,,,,,,,,,,,,,,,,,,,,,,,,,,,,,,,,,,,,,,5_lx_2,2023-04-19_20h08.51.376,quest,2022.2.5,59.81855835301294,
foliage,0,17,17,4,,,,,,,,,,solo,0.8,0.8,0.82,quantile,1,0,1,0,22,21,start,4,lin,0.5808095945988327,0.03569079999579117,1222.232905300014,1222.232905300014,1222.232905300014,1222.232905300014,1,0.5808095945988327,-1,left,1,,,,,,,,,,,5_lx_2,2023-04-19_20h08.51.376,quest,2022.2.5,59.81855835301294,
foliage,0,17,17,4,,,,,,,,,,,,,,,,,,,,,,,,,,,,,,,,,,,,,,,,,,,,,5_lx_2,2023-04-19_20h08.51.376,quest,2022.2.5,59.81855835301294,
foliage,0,17,17,4,,,,,,,,,,solo,0.8,0.8,0.82,quantile,1,0,1,0,23,22,start,4,lin,0.5717285064449795,0.03543739998713136,1223.4774325999897,1223.4774325999897,1223.4774325999897,1223.4774325999897,1,0.5717285064449795,-1,left,1,,,,,,,,,,,5_lx_2,2023-04-19_20h08.51.376,quest,2022.2.5,59.81855835301294,
foliage,0,17,17,4,,,,,,,,,,,,,,,,,,,,,,,,,,,,,,,,,,,,,,,,,,,,,5_lx_2,2023-04-19_20h08.51.376,quest,2022.2.5,59.81855835301294,
foliage,0,17,17,4,,,,,,,,,,solo,0.8,0.8,0.82,quantile,1,0,1,0,24,23,start,4,lin,0.5635774913397006,0.0356004000059329,1226.4830358999898,1226.4830358999898,1226.4830358999898,1226.4830358999898,1,0.5635774913397006,1,right,1,,,,,,,,,,,5_lx_2,2023-04-19_20h08.51.376,quest,2022.2.5,59.81855835301294,
foliage,0,17,17,4,,,,,,,,,,,,,,,,,,,,,,,,,,,,,,,,,,,,,,,,,,,,,5_lx_2,2023-04-19_20h08.51.376,quest,2022.2.5,59.81855835301294,
foliage,0,17,17,4,,,,,,,,,,solo,0.8,0.8,0.82,quantile,1,0,1,0,25,24,start,4,lin,0.5561138945937049,0.03564489999553189,1228.294173900009,1228.294173900009,1228.294173900009,1228.294173900009,1,0.5561138945937049,-1,left,1,,,,,,,,,,,5_lx_2,2023-04-19_20h08.51.376,quest,2022.2.5,59.81855835301294,
foliage,0,17,17,4,,,,,,,,,,,,,,,,,,,,,,,,,,,,,,,,,,,,,,,,,,,,,5_lx_2,2023-04-19_20h08.51.376,quest,2022.2.5,59.81855835301294,
foliage,0,17,17,4,,,,,,,,,,solo,0.8,0.8,0.82,quantile,1,0,1,0,26,25,start,4,lin,0.5492919603484033,0.03522839999641292,1231.3442674000107,1231.3442674000107,1231.3442674000107,1231.3442674000107,1,0.5492919603484033,1,right,1,,,,,,,,,,,5_lx_2,2023-04-19_20h08.51.376,quest,2022.2.5,59.81855835301294,
foliage,0,17,17,4,,,,,,,,,,,,,,,,,,,,,,,,,,,,,,,,,,,,,,,,,,,,,5_lx_2,2023-04-19_20h08.51.376,quest,2022.2.5,59.81855835301294,
foliage,0,17,17,4,,,,,,,,,,solo,0.8,0.8,0.82,quantile,1,0,1,0,27,26,start,4,lin,0.5430440023724283,0.0362213000189513,1232.9830642000015,1232.9830642000015,1232.9830642000015,1232.9830642000015,1,0.5430440023724283,-1,left,1,,,,,,,,,,,5_lx_2,2023-04-19_20h08.51.376,quest,2022.2.5,59.81855835301294,
foliage,0,17,17,4,,,,,,,,,,,,,,,,,,,,,,,,,,,,,,,,,,,,,,,,,,,,,5_lx_2,2023-04-19_20h08.51.376,quest,2022.2.5,59.81855835301294,
foliage,0,17,17,4,,,,,,,,,,solo,0.8,0.8,0.82,quantile,1,0,1,0,28,27,start,4,lin,0.5371060438643546,0.04389980001724325,1234.510838599992,1234.510838599992,1234.510838599992,1234.510838599992,1,0.5371060438643546,1,right,1,,,,,,,,,,,5_lx_2,2023-04-19_20h08.51.376,quest,2022.2.5,59.81855835301294,
foliage,0,17,17,4,,,,,,,,,,,,,,,,,,,,,,,,,,,,,,,,,,,,,,,,,,,,,5_lx_2,2023-04-19_20h08.51.376,quest,2022.2.5,59.81855835301294,
foliage,0,17,17,4,,,,,,,,,,solo,0.8,0.8,0.82,quantile,1,0,1,0,29,28,start,4,lin,0.5315808784248257,0.035655699990456924,1236.1107982000103,1236.1107982000103,1236.1107982000103,1236.1107982000103,1,0.5315808784248257,-1,left,1,,,,,,,,,,,5_lx_2,2023-04-19_20h08.51.376,quest,2022.2.5,59.81855835301294,
foliage,0,17,17,4,,,,,,,,,,,,,,,,,,,,,,,,,,,,,,,,,,,,,,,,,,,,,5_lx_2,2023-04-19_20h08.51.376,quest,2022.2.5,59.81855835301294,
foliage,0,17,17,4,,,,,,,,,,solo,0.8,0.8,0.82,quantile,1,0,1,0,30,29,start,4,lin,0.5263598198743824,0.035187500005122274,1237.4497891000065,1237.4497891000065,1237.4497891000065,1237.4497891000065,1,0.5263598198743824,1,right,1,,,,,,,,,,,5_lx_2,2023-04-19_20h08.51.376,quest,2022.2.5,59.81855835301294,
foliage,0,17,17,4,,,,,,,,,,,,,,,,,,,,,,,,,,,,,,,,,,,,,,,,,,,,,5_lx_2,2023-04-19_20h08.51.376,quest,2022.2.5,59.81855835301294,
foliage,0,17,17,4,,,,,,,,,,,,,,,,,,,,,,,,,,,,,,,,,,,,,,0.5095775496205492,0.054782956677507225,0.5182056768130705,,,,,5_lx_2,2023-04-19_20h08.51.376,quest,2022.2.5,59.81855835301294,
foliage,0,17,17,4,,,,,,,,,,,,,,,,,,,,,,,,,,,,,,,,,,,,,,,,,,,,,5_lx_2,2023-04-19_20h08.51.376,quest,2022.2.5,59.81855835301294,
,,,,,,,,,,,,,,,,,,,,,,,,,,,,,,,,,,,,,,,,,,,,,1238.377283000009,1238.377283000009,space,2.234283500001766,5_lx_2,2023-04-19_20h08.51.376,quest,2022.2.5,59.81855835301294,
